2011-1-1 -6.8 -2.9 -10.4 0.0
2011-1-2 -5.4 -1.2 -8.5 0.0
2011-1-3 -4.5 -0.3 -8.5 0.0
2011-1-4 -3.9 -1.7 -7.4 0.0
2011-1-5 -4.0 -1.8 -7.7 0.0
2011-1-6 -7.6 -4.6 -9.8 0.0
2011-1-7 -7.0 -2.9 -10.6 0.0
2011-1-8 -3.6 0.1 -8.2 0.2
2011-1-9 -7.0 -0.3 -10.3 0.0
2011-1-10 -8.2 -4.6 -11.8 0.0
2011-1-11 -5.4 -2.7 -7.8 1.9
2011-1-12 -8.2 -4.9 -11.1 0.0
2011-1-13 -5.9 -0.6 -11.1 0.0
2011-1-14 -3.8 0.3 -6.9 1.1
2011-1-15 -12.2 -6.9 -15.7 0.0
2011-1-16 -14.5 -10.7 -17.8 0.0
2011-1-17 -9.7 -4.8 -14.1 0.0
2011-1-18 -6.7 -2.7 -10.8 0.0
2011-1-19 -6.6 -3.2 -10.0 0.0
2011-1-20 -8.2 -4.7 -10.5 0.0
2011-1-21 -6.8 -3.2 -9.7 0.0
2011-1-22 -4.3 -0.8 -7.1 0.4
2011-1-23 -4.5 -2.1 -7.1 5.3
2011-1-24 -8.8 -5.8 -10.9 0.0
2011-1-25 -8.4 -4.4 -11.9 0.0
2011-1-26 -8.5 -5.2 -10.7 0.0
2011-1-27 -8.9 -5.7 -11.5 0.0
2011-1-28 -7.9 -4.3 -10.5 0.0
2011-1-29 -9.1 -5.5 -11.5 0.0
2011-1-30 -10.1 -5.7 -13.6 0.0
2011-1-31 -6.2 -1.8 -12.7 0.0
2011-2-1 -0.2 5.0 -4.2 0.0
2011-2-2 1.3 7.0 -2.8 0.0
2011-2-3 1.5 4.9 -1.3 0.0
2011-2-4 1.2 3.5 -0.5 0.0
2011-2-5 1.1 5.5 -0.8 0.0
2011-2-6 0.3 2.7 -2.1 0.0
2011-2-7 0.3 4.2 -2.8 0.0
2011-2-8 2.9 8.5 -0.5 0.0
2011-2-9 -1.2 2.1 -4.1 0.0
2011-2-10 -2.1 2.7 -5.6 0.0
2011-2-11 -2.9 1.8 -6.2 0.0
2011-2-12 -5.9 -1.8 -9.2 0.0
2011-2-13 -4.8 -0.2 -9.0 0.0
2011-2-14 -3.4 -0.2 -6.7 0.0
2011-2-15 -1.8 2.9 -5.5 0.0
2011-2-16 -0.6 4.3 -5.0 0.0
2011-2-17 0.9 4.7 -2.0 0.1
2011-2-18 1.6 7.3 -3.0 0.0
2011-2-19 1.4 7.0 -2.6 0.0
2011-2-20 5.3 12.8 -2.1 0.0
2011-2-21 6.2 12.3 1.4 0.0
2011-2-22 6.2 13.0 0.7 0.0
2011-2-23 5.6 12.0 0.6 0.0
2011-2-24 6.1 10.5 2.8 0.0
2011-2-25 2.0 6.3 -0.8 0.0
2011-2-26 6.2 13.2 -0.4 0.0
2011-2-27 4.2 7.4 1.8 28.5
2011-2-28 2.8 4.8 1.0 0.5
2011-3-1 0.5 3.7 -2.7 2.3
2011-3-2 -2.1 1.6 -4.2 0.0
2011-3-3 -2.1 2.5 -5.5 0.0
2011-3-4 0.1 6.0 -4.5 0.0
2011-3-5 2.1 6.8 -1.8 0.0
2011-3-6 3.4 7.4 1.2 0.0
2011-3-7 1.6 5.8 -1.2 0.0
2011-3-8 1.6 6.2 -2.3 0.0
2011-3-9 0.2 4.4 -2.4 0.0
2011-3-10 1.4 4.9 -3.4 0.0
2011-3-11 4.6 9.8 -0.3 0.0
2011-3-12 7.8 13.4 1.9 0.0
2011-3-13 10.7 16.2 8.5 0.0
2011-3-14 6.7 10.3 4.4 0.0
2011-3-15 1.5 5.7 -2.3 0.0
2011-3-16 -0.4 3.2 -3.1 0.0
2011-3-17 0.8 6.1 -3.5 0.0
2011-3-18 5.7 12.5 -1.5 0.0
2011-3-19 8.8 13.7 5.5 0.0
2011-3-20 6.9 11.4 2.9 5.0
2011-3-21 8.0 13.0 3.8 0.0
2011-3-22 1.8 6.1 -1.0 0.0
2011-3-23 2.2 7.3 -2.2 0.0
2011-3-24 2.9 8.0 0.1 5.8
2011-3-25 2.2 6.5 -0.8 0.0
2011-3-26 3.6 8.6 -0.6 0.0
2011-3-27 5.1 9.7 0.9 0.0
2011-3-28 5.2 8.4 3.1 1.5
2011-3-29 4.8 9.1 1.7 0.0
2011-3-30 7.3 13.6 2.3 0.0
2011-3-31 9.2 16.8 3.3 0.0
2011-4-1 9.1 14.9 4.3 0.0
2011-4-2 8.9 12.8 5.3 0.0
2011-4-3 9.6 15.5 4.9 0.0
2011-4-4 10.1 16.7 4.5 0.0
2011-4-5 10.7 17.1 5.1 0.0
2011-4-6 10.6 16.6 5.2 0.0
2011-4-7 9.6 10.7 8.5 7.0
2011-4-8 11.4 17.3 7.4 0.0
2011-4-9 9.9 15.0 6.8 0.0
2011-4-10 10.8 14.5 8.2 1.5
2011-4-11 10.4 15.4 6.0 0.0
2011-4-12 10.2 15.5 4.9 0.0
2011-4-13 11.3 17.4 5.7 0.0
2011-4-14 12.4 18.8 6.6 0.0
2011-4-15 12.2 19.0 9.4 0.1
2011-4-16 12.1 18.4 5.9 0.0
2011-4-17 12.0 18.4 8.0 0.0
2011-4-18 6.7 10.7 5.8 2.0
2011-4-19 10.8 16.2 6.6 0.0
2011-4-20 11.2 16.8 6.3 0.0
2011-4-21 13.5 18.0 8.0 0.0
2011-4-22 8.9 14.5 7.4 19.0
2011-4-23 9.7 14.2 6.1 0.0
2011-4-24 9.7 13.9 6.1 0.0
2011-4-25 11.3 15.7 7.2 0.0
2011-4-26 10.5 11.4 9.1 2.5
2011-4-27 11.4 14.2 8.7 5.0
2011-4-28 10.4 15.3 7.3 0.0
2011-4-29 13.2 18.4 7.3 4.0
2011-4-30 13.0 14.6 10.6 69.0
2011-5-1 12.5 15.7 9.9 0.0
2011-5-2 14.2 20.7 8.5 0.0
2011-5-3 15.3 20.6 11.9 0.0
2011-5-4 15.9 21.8 10.6 0.0
2011-5-5 17.5 23.7 12.7 0.0
2011-5-6 15.4 17.9 13.2 0.5
2011-5-7 14.5 21.8 11.5 3.5
2011-5-8 17.3 24.1 10.3 0.0
2011-5-9 17.6 22.0 14.6 4.0
2011-5-10 16.5 18.5 14.5 6.5
2011-5-11 17.2 21.1 14.4 14.0
2011-5-12 15.7 20.2 11.5 0.0
2011-5-13 14.6 20.6 10.3 0.0
2011-5-14 17.2 22.9 12.1 0.0
2011-5-15 17.2 22.9 13.0 0.0
2011-5-16 16.4 22.2 10.9 0.0
2011-5-17 17.5 22.8 11.6 0.0
2011-5-18 20.5 25.4 13.8 0.0
2011-5-19 20.7 23.6 18.8 0.4
2011-5-20 17.5 20.5 15.6 15.0
2011-5-21 14.5 17.7 12.6 2.0
2011-5-22 17.3 23.3 10.7 0.0
2011-5-23 19.5 25.9 15.3 0.0
2011-5-24 21.5 28.0 14.1 0.0
2011-5-25 22.7 28.2 16.7 0.0
2011-5-26 20.7 24.0 17.9 0.0
2011-5-27 20.1 24.5 15.6 0.0
2011-5-28 22.4 28.9 15.7 0.0
2011-5-29 24.4 31.2 18.4 0.0
2011-5-30 22.7 28.1 18.6 0.0
2011-5-31 18.7 23.7 15.4 7.5
2011-6-1 18.0 21.6 14.7 21.5
2011-6-2 19.0 24.7 15.1 0.0
2011-6-3 19.0 24.8 14.4 0.0
2011-6-4 18.7 24.6 15.8 0.5
2011-6-5 20.4 27.1 16.1 0.0
2011-6-6 20.9 26.9 15.3 0.0
2011-6-7 20.9 26.6 15.9 0.0
2011-6-8 22.0 27.5 18.2 1.5
2011-6-9 19.4 22.0 17.5 0.0
2011-6-10 21.4 24.3 17.8 0.0
2011-6-11 24.0 29.2 20.6 0.0
2011-6-12 23.4 30.2 19.0 0.0
2011-6-13 21.0 26.9 16.6 0.5
2011-6-14 22.8 29.5 16.8 0.0
2011-6-15 25.2 31.9 19.1 1.0
2011-6-16 26.5 32.0 20.3 0.0
2011-6-17 24.9 31.3 22.1 0.0
2011-6-18 24.5 28.9 20.8 0.0
2011-6-19 26.6 32.9 20.7 0.0
2011-6-20 26.6 32.0 22.7 0.0
2011-6-21 24.1 29.6 19.4 0.0
2011-6-22 22.7 24.9 20.9 16.0
2011-6-23 22.0 23.3 21.2 41.0
2011-6-24 19.7 21.6 18.6 10.5
2011-6-25 18.3 20.0 17.5 37.0
2011-6-26 19.2 21.6 17.2 40.0
2011-6-27 19.2 20.5 18.3 11.5
2011-6-28 24.1 29.7 18.2 0.5
2011-6-29 21.0 23.3 19.7 177.0
2011-6-30 23.8 27.9 21.0 46.0
2011-7-1 25.1 28.6 22.2 0.0
2011-7-2 24.7 26.8 22.7 0.0
2011-7-3 22.6 24.8 20.7 115.0
2011-7-4 22.5 28.0 18.9 0.0
2011-7-5 24.3 30.7 19.0 0.0
2011-7-6 25.6 31.2 20.4 0.0
2011-7-7 22.9 25.3 20.9 42.5
2011-7-8 22.4 24.6 20.6 13.0
2011-7-9 23.6 27.8 20.8 15.0
2011-7-10 24.2 28.4 21.4 6.0
2011-7-11 21.2 22.1 19.9 42.5
2011-7-12 22.8 25.6 20.9 51.5
2011-7-13 24.3 26.2 22.5 29.0
2011-7-14 23.6 24.6 22.3 38.0
2011-7-15 23.4 26.0 21.6 15.0
2011-7-16 22.8 25.3 21.2 54.5
2011-7-17 25.1 29.1 22.2 1.0
2011-7-18 28.7 34.1 24.4 0.0
2011-7-19 28.5 32.7 24.7 0.0
2011-7-20 27.6 32.6 23.6 0.0
2011-7-21 27.1 32.2 22.3 0.0
2011-7-22 24.1 26.6 21.4 1.5
2011-7-23 25.4 29.7 22.9 3.0
2011-7-24 24.8 27.9 22.8 8.0
2011-7-25 24.9 27.9 23.2 27.5
2011-7-26 24.8 29.3 21.1 171.0
2011-7-27 24.0 26.2 22.3 301.5
2011-7-28 24.7 26.3 22.8 115.0
2011-7-29 26.2 30.2 23.9 7.5
2011-7-30 27.2 30.5 24.4 0.0
2011-7-31 24.7 26.6 23.2 73.0
2011-8-1 25.6 29.2 23.3 0.5
2011-8-2 26.1 30.1 24.4 0.5
2011-8-3 25.4 28.1 23.7 41.5
2011-8-4 25.4 28.0 23.7 10.0
2011-8-5 28.9 34.1 23.4 0.0
2011-8-6 28.5 32.7 26.1 1.5
2011-8-7 28.7 33.0 24.9 4.5
2011-8-8 24.7 27.7 23.6 39.5
2011-8-9 26.0 28.7 24.4 0.0
2011-8-10 25.8 28.9 23.2 0.3
2011-8-11 26.6 29.9 24.5 0.0
2011-8-12 25.3 26.3 24.1 19.5
2011-8-13 25.3 26.6 23.9 6.5
2011-8-14 25.0 26.8 23.9 9.5
2011-8-15 24.5 26.9 22.9 0.5
2011-8-16 25.0 26.2 23.6 16.0
2011-8-17 23.7 24.6 22.8 4.0
2011-8-18 25.2 30.2 21.5 0.0
2011-8-19 24.4 29.2 21.7 0.0
2011-8-20 23.1 27.0 20.3 0.5
2011-8-21 24.4 31.0 18.7 0.0
2011-8-22 23.5 29.6 19.8 3.5
2011-8-23 24.3 30.5 18.1 0.0
2011-8-24 24.8 28.6 21.2 0.0
2011-8-25 25.7 30.5 21.0 0.0
2011-8-26 26.4 30.3 23.2 0.0
2011-8-27 27.6 31.2 23.5 0.0
2011-8-28 27.3 32.0 24.3 0.0
2011-8-29 26.8 29.9 24.5 0.0
2011-8-30 27.1 32.4 24.2 8.5
2011-8-31 27.9 32.8 23.6 0.0
2011-9-1 27.0 31.1 22.9 0.0
2011-9-2 26.9 32.4 22.9 0.0
2011-9-3 25.1 30.7 20.3 0.0
2011-9-4 23.7 30.2 19.4 0.0
2011-9-5 23.8 28.5 19.5 0.0
2011-9-6 23.4 28.7 18.8 0.0
2011-9-7 22.6 27.3 17.5 0.0
2011-9-8 22.3 25.8 20.4 0.0
2011-9-9 19.9 20.7 19.0 2.5
2011-9-10 21.5 26.4 18.0 0.0
2011-9-11 21.2 22.5 19.5 0.0
2011-9-12 23.3 27.0 20.0 0.0
2011-9-13 25.0 30.9 20.9 0.0
2011-9-14 24.4 28.1 22.8 0.0
2011-9-15 25.7 31.3 21.2 0.0
2011-9-16 25.6 31.2 21.7 0.0
2011-9-17 25.8 31.0 21.6 0.0
2011-9-18 21.0 26.4 17.5 0.5
2011-9-19 16.8 18.2 14.5 0.1
2011-9-20 17.7 23.2 13.4 0.0
2011-9-21 18.1 24.0 12.4 0.0
2011-9-22 18.1 24.6 11.9 0.0
2011-9-23 19.5 26.0 13.5 0.0
2011-9-24 19.6 25.9 14.4 0.0
2011-9-25 20.0 26.6 14.6 0.0
2011-9-26 21.2 27.7 14.8 0.0
2011-9-27 21.8 29.2 15.4 0.0
2011-9-28 19.8 23.5 16.6 0.0
2011-9-29 16.9 19.5 15.5 22.5
2011-9-30 14.8 18.6 10.3 0.0
2011-10-1 12.7 17.6 7.7 0.0
2011-10-2 13.3 18.1 9.6 0.0
2011-10-3 13.8 20.8 7.3 0.0
2011-10-4 14.9 21.2 8.4 0.0
2011-10-5 16.4 22.0 12.7 0.0
2011-10-6 16.5 20.2 12.7 0.0
2011-10-7 15.4 21.2 10.5 0.0
2011-10-8 16.2 22.5 10.4 0.0
2011-10-9 16.6 22.5 11.9 0.0
2011-10-10 16.9 21.8 12.4 0.0
2011-10-11 16.5 22.4 12.4 0.0
2011-10-12 14.7 18.7 10.7 0.0
2011-10-13 16.6 23.4 10.7 0.0
2011-10-14 14.4 15.7 12.7 5.0
2011-10-15 13.0 16.9 11.4 20.0
2011-10-16 14.8 20.1 11.1 0.5
2011-10-17 11.2 14.8 7.0 0.0
2011-10-18 9.4 15.4 3.9 0.0
2011-10-19 12.8 20.4 4.6 0.0
2011-10-20 15.5 20.9 11.0 0.0
2011-10-21 17.3 21.0 13.1 0.0
2011-10-22 17.1 21.7 14.4 0.0
2011-10-23 16.5 22.1 11.8 0.0
2011-10-24 12.3 15.3 7.1 1.5
2011-10-25 7.6 12.1 3.7 0.0
2011-10-26 9.5 15.3 3.1 0.0
2011-10-27 12.7 19.5 6.6 0.0
2011-10-28 14.5 19.8 11.0 0.0
2011-10-29 12.0 13.5 10.2 5.0
2011-10-30 14.8 20.8 10.7 0.0
2011-10-31 15.0 22.1 8.5 0.0
2011-11-1 16.1 22.6 9.9 0.0
2011-11-2 16.2 21.5 13.4 0.0
2011-11-3 16.8 24.3 10.0 0.0
2011-11-4 18.4 22.5 15.4 1.0
2011-11-5 19.9 25.9 16.4 0.1
2011-11-6 14.6 19.3 12.9 12.0
2011-11-7 15.1 18.8 12.5 0.0
2011-11-8 14.9 19.6 11.1 0.0
2011-11-9 14.5 18.4 12.5 0.0
2011-11-10 14.1 17.0 10.9 0.0
2011-11-11 12.5 14.7 11.0 1.0
2011-11-12 12.0 15.8 9.1 0.0
2011-11-13 11.3 15.8 6.0 0.0
2011-11-14 6.4 11.0 3.4 0.0
2011-11-15 7.2 11.6 3.4 0.0
2011-11-16 10.9 15.7 5.8 0.0
2011-11-17 13.6 16.3 10.5 0.0
2011-11-18 14.2 16.1 11.9 6.0
2011-11-19 10.6 15.5 3.5 0.2
2011-11-20 0.4 3.7 -2.2 0.0
2011-11-21 1.6 6.3 -2.6 0.0
2011-11-22 5.6 7.9 1.9 0.1
2011-11-23 2.8 7.4 -2.1 4.5
2011-11-24 -1.6 2.0 -5.5 0.0
2011-11-25 2.8 7.2 -0.5 0.0
2011-11-26 5.6 8.8 1.8 0.0
2011-11-27 13.5 15.3 8.7 0.0
2011-11-28 14.6 17.0 13.6 0.3
2011-11-29 11.3 13.6 9.2 1.0
2011-11-30 4.7 9.2 3.0 30.0
2011-12-1 5.8 9.0 4.3 0.0
2011-12-2 5.5 7.5 2.5 1.5
2011-12-3 5.3 9.1 3.7 3.5
2011-12-4 2.5 6.3 -0.3 0.0
2011-12-5 1.5 5.9 -2.1 0.0
2011-12-6 3.9 7.7 1.2 0.0
2011-12-7 4.0 5.7 2.3 0.0
2011-12-8 0.1 3.7 -3.7 0.0
2011-12-9 -2.7 0.1 -4.4 0.0
2011-12-10 -1.7 1.4 -4.9 0.0
2011-12-11 2.8 6.3 -1.7 0.0
2011-12-12 3.5 6.4 -0.1 0.0
2011-12-13 1.5 7.4 -3.1 0.0
2011-12-14 2.4 7.2 -1.1 0.0
2011-12-15 -3.9 -0.9 -5.8 0.0
2011-12-16 -7.1 -3.5 -9.8 0.0
2011-12-17 -5.8 -1.6 -10.6 0.0
2011-12-18 -2.4 1.4 -5.0 0.0
2011-12-19 -2.4 1.9 -6.7 0.0
2011-12-20 -0.3 3.8 -5.1 0.0
2011-12-21 1.9 5.2 -0.7 0.7
2011-12-22 -5.5 1.1 -8.7 0.0
2011-12-23 -5.4 -1.1 -10.1 0.6
2011-12-24 -5.2 -3.0 -7.8 0.5
2011-12-25 -7.1 -3.5 -9.5 0.0
2011-12-26 -7.1 -3.5 -10.1 0.0
2011-12-27 -4.0 1.2 -8.8 0.0
2011-12-28 -0.5 2.2 -4.1 0.3
2011-12-29 -1.7 1.7 -4.8 0.0
2011-12-30 -3.0 1.9 -6.4 0.0
2011-12-31 -1.9 1.4 -6.0 0.0
2012-1-1 -3.0 0.4 -6.9 0.0
2012-1-2 -4.8 -1.2 -8.3 0.0
2012-1-3 -4.5 -0.2 -6.8 0.4
2012-1-4 -7.4 -4.3 -9.6 0.0
2012-1-5 -5.7 -1.3 -9.8 0.0
2012-1-6 -2.8 1.3 -5.6 0.0
2012-1-7 -3.8 2.0 -8.0 0.0
2012-1-8 -2.5 0.4 -5.5 0.0
2012-1-9 -0.3 2.7 -1.8 0.0
2012-1-10 -2.5 1.5 -5.8 0.0
2012-1-11 -6.0 -3.3 -8.1 0.0
2012-1-12 -4.6 -0.4 -10.3 0.0
2012-1-13 -1.2 2.6 -4.1 0.0
2012-1-14 -1.5 2.7 -6.3 0.0
2012-1-15 -2.6 0.3 -4.7 0.0
2012-1-16 1.0 7.8 -5.1 0.0
2012-1-17 2.8 8.2 0.0 0.0
2012-1-18 1.4 5.4 -2.2 0.0
2012-1-19 5.3 8.4 1.4 0.2
2012-1-20 5.4 8.3 3.7 0.5
2012-1-21 2.4 5.7 -2.6 0.1
2012-1-22 -7.7 -2.4 -11.6 0.0
2012-1-23 -9.6 -5.3 -12.2 0.0
2012-1-24 -7.3 -3.1 -11.8 1.6
2012-1-25 -8.2 -5.0 -11.6 0.0
2012-1-26 -2.9 1.8 -8.5 0.0
2012-1-27 -0.9 4.9 -4.4 0.0
2012-1-28 -1.8 3.1 -6.0 0.0
2012-1-29 -2.8 1.6 -5.5 0.0
2012-1-30 -5.6 -0.8 -8.8 0.0
2012-1-31 -4.7 -0.3 -8.5 3.9
2012-2-1 -12.8 -8.1 -15.3 0.0
2012-2-2 -13.7 -9.5 -17.1 0.0
2012-2-3 -8.6 -3.9 -14.5 0.1
2012-2-4 -3.0 1.0 -5.2 0.2
2012-2-5 -0.9 4.8 -4.5 0.0
2012-2-6 0.9 7.0 -3.2 0.2
2012-2-7 -8.7 -0.1 -11.5 0.0
2012-2-8 -8.0 -3.8 -12.1 0.0
2012-2-9 -4.5 -0.5 -9.0 0.0
2012-2-10 -3.5 1.7 -6.9 0.0
2012-2-11 -3.8 0.8 -9.2 0.0
2012-2-12 -0.1 4.8 -5.0 0.0
2012-2-13 3.1 8.4 0.2 0.0
2012-2-14 3.0 8.3 -0.3 0.0
2012-2-15 -1.3 3.0 -4.1 0.0
2012-2-16 -2.8 2.7 -6.1 0.0
2012-2-17 -6.4 -2.9 -8.8 0.0
2012-2-18 -6.8 -2.2 -9.6 0.0
2012-2-19 -4.4 1.3 -9.6 0.0
2012-2-20 -0.2 5.3 -5.5 0.0
2012-2-21 2.3 5.5 -0.9 0.0
2012-2-22 5.8 12.1 -0.8 0.0
2012-2-23 4.4 8.2 1.1 0.3
2012-2-24 4.3 9.7 0.2 0.0
2012-2-25 1.2 5.0 -2.3 0.0
2012-2-26 -1.6 3.2 -4.0 0.0
2012-2-27 -0.7 5.2 -5.9 0.0
2012-2-28 2.1 7.3 -3.2 0.0
2012-2-29 5.4 11.8 -1.5 0.0
2012-3-1 8.7 14.6 4.0 0.0
2012-3-2 6.9 9.5 5.2 0.3
2012-3-3 6.9 12.9 2.7 0.0
2012-3-4 6.2 9.7 3.0 0.0
2012-3-5 5.3 8.5 3.1 7.0
2012-3-6 3.0 4.6 1.8 8.5
2012-3-7 3.0 7.7 -0.2 0.0
2012-3-8 2.0 5.2 -0.3 0.0
2012-3-9 3.4 9.1 -2.1 0.0
2012-3-10 3.9 8.9 1.3 0.0
2012-3-11 -2.4 1.3 -4.6 0.0
2012-3-12 -1.6 3.2 -5.7 0.0
2012-3-13 1.7 6.6 -3.5 0.0
2012-3-14 3.6 5.9 1.8 0.0
2012-3-15 5.5 11.8 -1.7 0.0
2012-3-16 8.1 12.9 5.7 4.0
2012-3-17 10.4 16.1 6.8 2.0
2012-3-18 6.9 11.5 2.2 0.0
2012-3-19 2.8 7.2 -0.5 0.0
2012-3-20 3.1 8.3 -1.9 0.0
2012-3-21 4.3 10.4 -0.5 0.0
2012-3-22 7.8 11.4 3.3 0.0
2012-3-23 5.0 9.7 2.3 22.0
2012-3-24 3.3 6.9 1.5 3.5
2012-3-25 3.6 7.7 0.9 0.0
2012-3-26 3.9 8.7 -0.2 0.0
2012-3-27 6.4 10.9 1.0 0.0
2012-3-28 10.1 15.8 6.4 0.0
2012-3-29 11.6 16.2 5.9 0.0
2012-3-30 9.0 11.9 5.8 0.1
2012-3-31 5.4 10.1 2.5 0.0
2012-4-1 4.6 9.4 0.6 0.0
2012-4-2 8.3 14.1 3.5 22.0
2012-4-3 4.9 9.4 1.1 35.0
2012-4-4 7.2 12.8 2.2 0.0
2012-4-5 6.7 12.2 3.1 0.0
2012-4-6 5.4 9.6 2.6 0.0
2012-4-7 5.9 12.4 0.6 0.0
2012-4-8 11.3 17.6 4.6 0.0
2012-4-9 15.4 22.4 10.7 0.0
2012-4-10 13.7 16.9 11.5 10.5
2012-4-11 12.2 17.4 9.1 3.0
2012-4-12 8.9 12.4 5.3 0.0
2012-4-13 10.3 15.1 7.4 0.0
2012-4-14 10.5 16.4 5.9 0.0
2012-4-15 13.4 21.7 6.9 0.0
2012-4-16 11.9 17.9 7.2 0.0
2012-4-17 13.6 19.7 7.5 0.0
2012-4-18 15.2 21.3 9.2 0.0
2012-4-19 17.0 24.3 12.2 0.0
2012-4-20 18.4 23.8 13.6 0.0
2012-4-21 11.4 16.3 9.5 47.5
2012-4-22 9.4 12.0 7.9 9.0
2012-4-23 12.9 17.3 9.1 0.0
2012-4-24 19.7 26.6 12.2 0.0
2012-4-25 15.1 20.7 10.5 28.0
2012-4-26 11.9 16.8 8.0 2.0
2012-4-27 15.2 22.3 7.8 0.0
2012-4-28 17.0 22.1 13.8 0.0
2012-4-29 19.9 26.3 14.0 0.0
2012-4-30 22.9 29.4 15.4 0.0
2012-5-1 22.6 28.3 17.3 0.0
2012-5-2 23.1 29.1 19.0 0.4
2012-5-3 20.0 25.4 17.0 0.2
2012-5-4 19.7 25.7 14.3 0.0
2012-5-5 18.8 24.9 13.5 0.0
2012-5-6 18.1 24.1 13.1 0.0
2012-5-7 18.5 24.9 12.2 0.0
2012-5-8 20.8 28.0 14.2 0.0
2012-5-9 20.7 27.4 15.0 0.0
2012-5-10 20.1 26.6 15.5 0.0
2012-5-11 16.2 19.2 13.2 0.0
2012-5-12 17.1 21.1 14.4 0.0
2012-5-13 19.1 25.2 14.8 0.0
2012-5-14 16.1 17.2 15.1 6.5
2012-5-15 16.9 22.7 13.0 0.0
2012-5-16 16.6 22.0 12.7 0.0
2012-5-17 16.6 20.5 13.9 0.5
2012-5-18 18.1 24.5 12.0 0.0
2012-5-19 19.5 25.8 13.1 0.0
2012-5-20 21.3 28.7 14.5 0.0
2012-5-21 23.0 28.9 17.2 0.0
2012-5-22 23.3 29.3 17.8 0.0
2012-5-23 22.1 27.8 18.3 0.0
2012-5-24 19.7 24.0 17.0 0.0
2012-5-25 20.5 26.6 16.2 0.0
2012-5-26 19.8 26.1 14.1 0.0
2012-5-27 19.3 23.4 17.1 0.3
2012-5-28 20.9 26.0 16.4 0.1
2012-5-29 21.6 25.4 18.8 0.0
2012-5-30 20.7 23.6 18.6 0.0
2012-5-31 20.9 27.2 16.6 0.2
2012-6-1 21.4 26.7 16.3 0.0
2012-6-2 23.1 28.8 19.2 0.0
2012-6-3 23.3 29.1 18.0 0.0
2012-6-4 23.7 29.1 18.6 0.0
2012-6-5 22.5 27.5 19.8 0.0
2012-6-6 23.0 28.9 19.1 0.0
2012-6-7 23.0 29.4 18.5 0.0
2012-6-8 22.2 27.9 19.0 2.0
2012-6-9 24.2 29.9 18.6 0.0
2012-6-10 23.7 28.7 20.8 0.0
2012-6-11 23.2 27.8 20.3 0.0
2012-6-12 22.6 28.9 19.0 0.4
2012-6-13 23.4 28.9 18.3 0.0
2012-6-14 24.8 31.7 19.3 0.0
2012-6-15 23.7 28.0 20.4 0.0
2012-6-16 23.5 29.9 20.2 0.0
2012-6-17 23.6 29.8 18.1 0.0
2012-6-18 24.9 30.2 20.1 0.0
2012-6-19 26.0 33.5 20.9 0.0
2012-6-20 25.4 31.3 21.3 0.0
2012-6-21 25.7 32.4 21.3 0.0
2012-6-22 24.3 29.3 21.3 0.0
2012-6-23 26.2 31.7 21.5 0.0
2012-6-24 27.8 32.8 23.6 0.0
2012-6-25 26.5 33.2 22.2 0.0
2012-6-26 24.6 30.8 20.6 0.0
2012-6-27 24.8 31.0 19.3 0.0
2012-6-28 25.3 29.6 20.9 0.0
2012-6-29 25.9 31.0 22.0 20.0
2012-6-30 21.9 23.7 20.2 69.5
2012-7-1 21.6 25.4 19.2 0.0
2012-7-2 24.0 29.8 21.7 0.0
2012-7-3 22.7 25.7 19.7 25.0
2012-7-4 24.4 27.4 22.6 0.3
2012-7-5 22.7 24.6 20.9 72.0
2012-7-6 20.9 21.8 19.9 102.5
2012-7-7 24.8 31.0 18.5 0.0
2012-7-8 25.8 30.7 21.4 0.0
2012-7-9 26.3 32.3 21.9 0.0
2012-7-10 25.9 29.1 21.7 6.5
2012-7-11 23.3 26.5 21.0 8.0
2012-7-12 24.7 28.5 21.1 0.0
2012-7-13 26.1 29.3 21.8 76.5
2012-7-14 22.8 26.2 20.4 8.0
2012-7-15 19.7 20.5 19.1 32.5
2012-7-16 21.7 25.0 19.0 2.5
2012-7-17 25.5 29.0 21.6 0.0
2012-7-18 26.3 28.4 24.7 6.0
2012-7-19 23.9 26.5 22.4 72.5
2012-7-20 25.6 29.7 22.1 1.0
2012-7-21 27.5 31.4 24.1 0.0
2012-7-22 27.2 30.4 23.7 16.5
2012-7-23 27.6 30.5 25.6 1.0
2012-7-24 27.8 32.1 25.5 0.0
2012-7-25 27.9 32.1 24.2 0.0
2012-7-26 28.1 32.6 24.3 0.0
2012-7-27 27.9 32.3 24.9 0.0
2012-7-28 28.5 33.2 25.2 0.0
2012-7-29 29.2 33.2 26.2 0.0
2012-7-30 28.4 31.6 23.0 18.0
2012-7-31 29.0 33.0 26.6 0.1
2012-8-1 30.8 35.3 25.9 0.0
2012-8-2 30.8 35.5 26.8 0.0
2012-8-3 31.3 35.4 27.1 0.0
2012-8-4 31.7 36.2 28.2 0.0
2012-8-5 31.8 36.7 27.5 0.0
2012-8-6 31.5 35.8 27.8 0.0
2012-8-7 30.7 35.0 26.6 0.0
2012-8-8 29.6 34.3 25.6 0.0
2012-8-9 29.7 34.6 26.6 0.0
2012-8-10 27.4 29.0 25.7 0.3
2012-8-11 27.7 31.8 24.0 0.0
2012-8-12 25.5 27.9 22.3 17.0
2012-8-13 26.6 32.1 22.1 2.0
2012-8-14 26.7 31.2 23.2 15.5
2012-8-15 23.7 27.1 22.4 136.5
2012-8-16 26.0 28.9 22.7 0.0
2012-8-17 27.5 32.2 24.3 0.0
2012-8-18 27.2 28.6 25.8 2.0
2012-8-19 27.9 30.8 26.3 5.0
2012-8-20 25.4 27.1 24.0 59.5
2012-8-21 25.3 28.7 23.5 137.0
2012-8-22 22.0 24.6 20.3 17.0
2012-8-23 23.0 25.7 20.5 0.1
2012-8-24 23.3 26.1 21.1 7.5
2012-8-25 25.0 28.9 21.5 11.5
2012-8-26 27.5 32.4 24.1 0.0
2012-8-27 28.5 32.9 24.5 0.0
2012-8-28 26.1 29.4 21.8 13.5
2012-8-29 25.7 29.1 21.7 6.0
2012-8-30 21.4 24.7 18.7 34.5
2012-8-31 23.8 28.4 18.7 0.0
2012-9-1 25.2 29.4 22.3 0.0
2012-9-2 25.0 29.5 20.8 0.0
2012-9-3 24.9 28.5 22.2 0.0
2012-9-4 22.0 24.4 19.7 55.5
2012-9-5 22.3 26.1 19.2 10.5
2012-9-6 21.6 27.1 16.0 0.0
2012-9-7 22.5 27.2 16.9 3.0
2012-9-8 20.2 23.7 17.7 25.0
2012-9-9 20.9 25.0 17.1 0.0
2012-9-10 23.2 28.3 17.8 0.0
2012-9-11 22.8 27.5 18.1 0.0
2012-9-12 21.6 24.8 19.6 0.5
2012-9-13 20.0 21.1 18.6 13.5
2012-9-14 19.4 21.8 17.3 2.0
2012-9-15 21.0 25.5 17.0 0.0
2012-9-16 19.9 22.1 17.5 2.5
2012-9-17 17.3 18.4 16.0 85.5
2012-9-18 20.9 24.6 17.7 0.0
2012-9-19 20.6 25.2 17.7 0.0
2012-9-20 20.1 24.7 15.6 0.0
2012-9-21 20.1 24.3 17.2 0.0
2012-9-22 20.7 26.4 15.2 0.0
2012-9-23 21.2 26.6 16.4 0.0
2012-9-24 21.5 27.5 16.1 0.0
2012-9-25 21.8 27.8 16.9 0.0
2012-9-26 21.3 25.4 17.5 0.0
2012-9-27 20.3 23.6 17.7 0.0
2012-9-28 18.0 22.0 15.4 13.5
2012-9-29 16.4 19.8 14.0 0.5
2012-9-30 16.2 21.0 12.0 0.0
2012-10-1 18.1 24.6 12.5 0.0
2012-10-2 19.3 24.9 14.3 0.0
2012-10-3 19.9 26.0 15.0 0.0
2012-10-4 19.0 24.2 14.4 0.0
2012-10-5 19.0 22.8 14.9 0.0
2012-10-6 19.6 24.5 16.1 0.0
2012-10-7 19.2 24.4 15.1 0.0
2012-10-8 18.4 23.4 14.6 0.0
2012-10-9 17.6 22.4 13.8 0.0
2012-10-10 15.7 20.3 12.6 13.0
2012-10-11 13.9 19.0 9.9 0.0
2012-10-12 14.9 21.4 8.5 0.0
2012-10-13 16.4 23.1 11.3 0.0
2012-10-14 16.3 21.8 12.0 0.0
2012-10-15 14.8 21.8 10.3 0.0
2012-10-16 17.1 23.4 10.8 0.0
2012-10-17 12.6 17.6 8.1 2.5
2012-10-18 11.6 17.0 6.0 0.0
2012-10-19 14.8 20.1 10.3 0.0
2012-10-20 15.8 21.0 10.5 0.0
2012-10-21 18.3 23.7 15.4 0.0
2012-10-22 13.4 17.1 8.5 39.5
2012-10-23 10.0 14.5 4.5 0.0
2012-10-24 13.2 18.4 9.5 0.0
2012-10-25 15.2 20.0 12.6 0.0
2012-10-26 15.9 22.3 11.1 0.0
2012-10-27 14.3 16.4 12.5 44.0
2012-10-28 14.3 18.8 10.8 0.0
2012-10-29 11.7 16.7 8.0 0.0
2012-10-30 8.6 12.4 5.8 0.1
2012-10-31 6.9 11.6 2.8 0.2
2012-11-1 5.6 10.0 2.7 0.0
2012-11-2 7.2 12.4 1.6 0.0
2012-11-3 9.4 15.7 3.2 0.0
2012-11-4 11.8 15.3 9.1 4.0
2012-11-5 8.5 10.7 7.2 8.0
2012-11-6 7.1 8.6 5.1 5.0
2012-11-7 8.4 12.5 4.1 0.0
2012-11-8 8.8 12.6 6.0 0.0
2012-11-9 9.4 15.0 4.4 0.0
2012-11-10 12.0 14.7 9.2 0.0
2012-11-11 8.7 12.0 3.6 28.0
2012-11-12 7.3 9.1 5.8 3.0
2012-11-13 5.3 9.1 1.7 0.0
2012-11-14 2.4 6.7 -0.6 0.0
2012-11-15 4.2 9.8 -0.3 0.0
2012-11-16 4.9 8.2 1.0 9.5
2012-11-17 5.3 8.0 1.5 1.5
2012-11-18 3.5 8.4 -0.5 0.0
2012-11-19 3.4 7.6 -0.5 5.5
2012-11-20 1.9 6.4 -1.8 0.0
2012-11-21 4.1 8.4 -0.4 0.0
2012-11-22 6.7 10.5 1.9 0.3
2012-11-23 3.3 6.9 0.3 0.0
2012-11-24 1.7 6.7 -1.8 0.0
2012-11-25 3.4 7.5 -0.7 0.5
2012-11-26 2.3 5.1 -1.2 1.0
2012-11-27 2.1 6.5 -2.8 0.0
2012-11-28 5.0 10.2 -0.1 1.0
2012-11-29 0.8 4.7 -1.9 0.0
2012-11-30 1.7 6.2 -3.0 0.5
2012-12-1 -0.9 4.0 -5.9 0.0
2012-12-2 2.9 7.1 1.0 0.0
2012-12-3 1.7 5.0 -1.6 5.4
2012-12-4 -3.3 -0.1 -5.9 0.0
2012-12-5 -3.8 -0.8 -6.2 5.8
2012-12-6 -6.3 -2.9 -10.3 0.1
2012-12-7 -4.5 -2.4 -6.4 1.9
2012-12-8 -8.2 -5.3 -11.0 0.0
2012-12-9 -10.5 -7.0 -13.2 0.0
2012-12-10 -8.3 -4.6 -11.8 0.0
2012-12-11 -6.5 -0.8 -10.4 0.0
2012-12-12 -5.0 0.0 -9.0 0.0
2012-12-13 -1.5 3.4 -6.2 0.0
2012-12-14 2.7 4.7 0.3 18.5
2012-12-15 4.6 8.3 1.9 0.5
2012-12-16 1.6 4.3 -1.2 0.0
2012-12-17 -0.4 3.2 -4.7 0.0
2012-12-18 -6.8 -4.0 -9.2 0.0
2012-12-19 -6.9 -2.8 -10.4 0.0
2012-12-20 -3.4 0.3 -7.8 0.0
2012-12-21 -0.7 0.8 -1.9 1.8
2012-12-22 -3.0 -0.8 -5.9 0.0
2012-12-23 -8.9 -5.9 -12.5 0.0
2012-12-24 -8.8 -4.5 -13.6 0.0
2012-12-25 -8.9 -4.6 -13.7 1.0
2012-12-26 -10.8 -7.0 -14.5 0.0
2012-12-27 -5.7 -0.8 -11.3 0.0
2012-12-28 -0.9 1.5 -3.5 0.0
2012-12-29 -0.3 0.6 -1.9 4.1
2012-12-30 -8.2 0.0 -10.7 2.3
2012-12-31 -8.7 -5.0 -11.6 0.0
2013-1-1 -4.7 0.0 -8.7 3.1
2013-1-2 -11.7 -4.8 -15.1 0.0
2013-1-3 -13.2 -9.3 -16.4 0.0
2013-1-4 -10.7 -5.8 -14.8 0.0
2013-1-5 -7.0 -1.2 -12.1 0.0
2013-1-6 -6.3 -2.0 -9.4 0.0
2013-1-7 -5.1 0.1 -8.8 0.0
2013-1-8 -4.6 -0.7 -6.8 0.0
2013-1-9 -9.0 -6.4 -10.7 0.0
2013-1-10 -8.3 -3.6 -12.3 0.0
2013-1-11 -3.2 1.4 -7.9 0.0
2013-1-12 0.0 4.2 -2.7 0.1
2013-1-13 -0.5 3.3 -3.0 0.0
2013-1-14 -2.1 1.8 -4.3 0.0
2013-1-15 -2.1 2.0 -5.5 0.0
2013-1-16 -2.6 0.4 -5.8 0.3
2013-1-17 -5.8 -2.5 -8.2 0.0
2013-1-18 -4.4 0.2 -9.2 0.0
2013-1-19 0.5 4.6 -2.5 0.0
2013-1-20 1.6 4.1 -2.0 0.0
2013-1-21 2.2 4.0 1.1 16.5
2013-1-22 3.8 6.0 2.0 0.5
2013-1-23 1.8 3.8 1.0 1.5
2013-1-24 -0.9 2.4 -6.7 0.1
2013-1-25 -9.1 -6.5 -10.8 0.0
2013-1-26 -9.2 -5.1 -11.9 0.0
2013-1-27 -7.3 -3.9 -10.7 0.0
2013-1-28 -3.5 0.2 -8.9 0.0
2013-1-29 2.2 3.7 -0.3 0.0
2013-1-30 5.4 8.5 3.5 0.0
2013-1-31 7.4 11.5 3.7 0.0
2013-2-1 7.3 9.3 3.7 46.5
2013-2-2 -1.1 3.7 -4.5 0.0
2013-2-3 -3.2 -1.1 -5.8 7.5
2013-2-4 -0.8 2.5 -3.3 7.4
2013-2-5 -0.6 2.7 -4.0 4.5
2013-2-6 -1.5 0.2 -3.1 2.1
2013-2-7 -11.1 -2.6 -13.8 0.0
2013-2-8 -11.5 -6.1 -15.8 0.0
2013-2-9 -7.2 -2.6 -12.3 0.0
2013-2-10 -4.0 -0.5 -8.4 1.2
2013-2-11 -5.8 -0.9 -10.4 0.0
2013-2-12 -3.8 -1.9 -4.8 0.0
2013-2-13 -1.3 2.9 -6.3 0.0
2013-2-14 1.1 5.2 -2.6 0.0
2013-2-15 -1.2 1.5 -5.2 0.0
2013-2-16 -2.6 2.6 -7.0 0.0
2013-2-17 2.3 5.8 -2.1 0.0
2013-2-18 0.5 3.1 -2.5 0.0
2013-2-19 -2.9 0.6 -7.1 0.0
2013-2-20 -4.8 0.0 -8.7 0.0
2013-2-21 -1.7 2.5 -5.3 0.0
2013-2-22 0.5 4.3 -3.1 3.9
2013-2-23 -0.9 2.4 -4.4 0.0
2013-2-24 1.4 5.3 -2.4 0.0
2013-2-25 3.3 8.6 -0.7 0.0
2013-2-26 4.8 7.5 2.5 0.0
2013-2-27 3.4 8.8 0.8 0.0
2013-2-28 6.7 13.9 -1.1 1.0
2013-3-1 0.8 7.7 -2.4 3.0
2013-3-2 -0.8 3.1 -4.4 0.0
2013-3-3 0.4 4.8 -3.5 0.0
2013-3-4 3.1 8.9 -0.7 0.0
2013-3-5 3.7 9.1 -0.7 0.0
2013-3-6 7.9 14.3 0.9 0.0
2013-3-7 8.0 11.7 4.3 0.5
2013-3-8 8.5 14.1 3.8 0.0
2013-3-9 13.2 23.8 6.2 0.0
2013-3-10 1.2 7.9 -1.5 0.0
2013-3-11 4.2 12.1 -2.6 0.0
2013-3-12 7.5 11.7 1.6 3.5
2013-3-13 5.2 8.4 1.8 11.5
2013-3-14 4.1 9.8 0.9 0.0
2013-3-15 4.6 10.5 0.0 0.0
2013-3-16 6.3 12.7 1.6 0.0
2013-3-17 8.2 15.9 3.4 7.5
2013-3-18 8.3 14.2 5.3 1.0
2013-3-19 8.0 11.4 5.2 0.0
2013-3-20 2.8 8.5 -2.5 0.1
2013-3-21 1.5 7.2 -4.0 0.0
2013-3-22 3.4 6.9 0.9 0.0
2013-3-23 5.4 12.1 -1.2 0.0
2013-3-24 5.1 10.2 1.8 0.0
2013-3-25 2.8 7.8 -0.7 0.0
2013-3-26 4.4 10.4 -0.9 0.0
2013-3-27 7.5 14.9 1.4 0.0
2013-3-28 7.3 12.0 4.4 0.0
2013-3-29 5.4 10.4 0.6 0.0
2013-3-30 4.9 10.2 2.3 0.2
2013-3-31 6.3 13.2 1.0 0.0
2013-4-1 9.2 13.4 3.3 0.5
2013-4-2 7.2 9.5 5.8 8.5
2013-4-3 7.9 14.1 3.9 0.0
2013-4-4 12.6 19.8 5.6 0.0
2013-4-5 14.6 19.9 10.1 0.0
2013-4-6 7.5 13.0 2.5 14.0
2013-4-7 5.1 9.6 2.0 1.0
2013-4-8 8.0 13.8 2.5 1.0
2013-4-9 6.2 10.7 3.2 0.5
2013-4-10 5.0 8.1 1.3 1.5
2013-4-11 5.5 9.6 3.7 0.5
2013-4-12 6.9 11.9 2.2 0.0
2013-4-13 11.4 17.5 3.4 0.0
2013-4-14 8.3 12.2 4.2 3.5
2013-4-15 7.5 12.5 2.6 0.0
2013-4-16 13.2 19.1 8.6 0.0
2013-4-17 14.8 20.6 10.3 0.0
2013-4-18 12.3 16.3 9.0 0.0
2013-4-19 9.8 15.0 5.1 0.0
2013-4-20 6.6 10.1 4.0 9.5
2013-4-21 9.0 15.3 4.2 0.0
2013-4-22 11.4 17.2 5.6 0.0
2013-4-23 11.2 14.8 9.7 5.5
2013-4-24 12.3 18.0 8.3 0.1
2013-4-25 9.3 13.8 7.9 4.5
2013-4-26 11.7 16.3 6.9 0.1
2013-4-27 12.8 18.5 8.2 0.0
2013-4-28 16.0 21.6 10.3 0.0
2013-4-29 13.5 17.7 9.0 21.0
2013-4-30 13.4 19.5 7.7 0.0
2013-5-1 13.2 18.6 8.7 1.0
2013-5-2 12.4 17.1 9.0 1.0
2013-5-3 12.6 18.2 9.0 0.0
2013-5-4 13.9 19.6 9.3 0.0
2013-5-5 14.3 20.6 9.2 0.0
2013-5-6 14.6 21.3 7.9 0.0
2013-5-7 18.7 26.7 11.9 0.0
2013-5-8 19.4 26.2 12.7 0.0
2013-5-9 18.1 23.0 14.7 2.5
2013-5-10 14.0 16.1 10.4 22.0
2013-5-11 17.9 24.8 11.0 0.0
2013-5-12 19.1 22.5 16.4 1.0
2013-5-13 21.6 26.8 17.7 0.0
2013-5-14 20.2 25.3 17.0 0.0
2013-5-15 19.4 24.4 15.6 0.0
2013-5-16 22.0 28.3 15.3 0.0
2013-5-17 20.2 26.6 15.7 0.0
2013-5-18 17.7 22.3 13.7 14.5
2013-5-19 16.6 21.5 13.6 19.5
2013-5-20 14.4 18.5 12.1 0.0
2013-5-21 17.7 24.6 10.2 0.0
2013-5-22 19.7 25.9 13.9 0.0
2013-5-23 22.1 30.2 15.4 0.0
2013-5-24 21.3 27.5 15.7 0.0
2013-5-25 24.7 31.8 18.2 0.0
2013-5-26 23.9 28.4 20.8 0.0
2013-5-27 19.7 22.6 17.7 56.5
2013-5-28 18.9 20.9 17.6 11.5
2013-5-29 16.1 18.1 14.9 2.5
2013-5-30 19.2 25.0 14.3 0.0
2013-5-31 21.3 27.8 13.9 0.0
2013-6-1 21.7 27.9 17.4 0.0
2013-6-2 23.5 30.8 16.3 0.0
2013-6-3 21.3 26.7 18.4 0.0
2013-6-4 22.8 28.4 17.5 0.2
2013-6-5 24.8 30.4 19.1 0.0
2013-6-6 25.0 30.0 21.7 0.0
2013-6-7 25.7 31.1 20.7 0.0
2013-6-8 26.4 31.2 21.0 0.0
2013-6-9 27.4 32.4 22.3 0.0
2013-6-10 27.5 32.2 21.6 0.0
2013-6-11 23.7 26.7 20.5 7.0
2013-6-12 20.5 22.5 19.6 6.5
2013-6-13 23.0 27.5 18.8 0.0
2013-6-14 24.6 29.7 20.9 0.0
2013-6-15 24.6 29.1 21.3 0.0
2013-6-16 22.5 27.5 19.8 0.0
2013-6-17 22.3 25.8 19.9 0.5
2013-6-18 21.7 23.1 20.5 12.0
2013-6-19 24.3 29.6 20.6 0.1
2013-6-20 25.8 31.1 20.9 0.0
2013-6-21 26.6 31.8 22.9 0.0
2013-6-22 25.1 29.6 22.7 0.0
2013-6-23 22.9 26.2 20.6 0.3
2013-6-24 23.5 29.4 19.6 0.0
2013-6-25 25.1 29.8 21.0 0.0
2013-6-26 24.5 29.7 21.1 0.0
2013-6-27 25.1 31.8 20.4 0.0
2013-6-28 25.5 30.6 21.5 1.5
2013-6-29 27.2 32.6 21.8 0.0
2013-6-30 27.7 31.9 23.4 0.2
2013-7-1 27.1 31.3 23.9 0.0
2013-7-2 24.3 27.9 21.5 51.5
2013-7-3 25.2 30.7 20.5 0.0
2013-7-4 24.9 27.6 23.1 32.5
2013-7-5 25.6 30.2 22.1 1.0
2013-7-6 25.2 30.6 21.6 0.0
2013-7-7 24.9 29.5 22.4 3.0
2013-7-8 24.3 26.3 22.3 68.0
2013-7-9 24.5 26.2 23.5 6.5
2013-7-10 25.3 26.1 24.6 1.0
2013-7-11 24.6 25.1 23.8 14.0
2013-7-12 23.6 24.3 23.2 74.0
2013-7-13 24.2 25.6 22.2 165.0
2013-7-14 24.1 25.4 23.1 23.0
2013-7-15 26.5 29.1 23.6 3.5
2013-7-16 26.9 28.8 25.2 1.5
2013-7-17 24.2 25.7 23.5 18.5
2013-7-18 25.1 27.7 23.8 26.5
2013-7-19 26.8 30.5 23.3 0.0
2013-7-20 27.0 30.3 25.3 1.0
2013-7-21 26.8 28.4 25.6 0.5
2013-7-22 26.4 29.4 24.1 84.5
2013-7-23 25.7 26.4 24.7 56.5
2013-7-24 24.7 27.6 23.2 11.5
2013-7-25 26.0 30.2 22.9 0.0
2013-7-26 26.5 31.1 23.1 0.0
2013-7-27 26.2 31.2 23.1 0.2
2013-7-28 25.3 26.7 23.9 11.0
2013-7-29 26.5 29.6 24.4 3.5
2013-7-30 26.3 29.9 24.0 9.5
2013-7-31 26.4 29.0 24.7 8.5
2013-8-1 28.0 32.1 24.5 0.0
2013-8-2 27.4 29.3 25.2 7.5
2013-8-3 28.9 32.6 26.7 0.1
2013-8-4 28.3 31.3 26.4 4.5
2013-8-5 27.7 30.1 26.4 7.0
2013-8-6 26.4 27.6 23.0 45.0
2013-8-7 28.7 32.1 25.0 0.0
2013-8-8 29.3 32.8 27.3 0.0
2013-8-9 29.2 30.8 27.9 0.0
2013-8-10 28.0 29.4 25.8 2.0
2013-8-11 28.7 33.2 24.2 0.0
2013-8-12 29.3 32.6 27.1 0.0
2013-8-13 29.0 32.9 26.6 0.0
2013-8-14 28.6 32.0 26.2 0.0
2013-8-15 28.7 32.4 25.8 0.0
2013-8-16 28.7 31.7 26.1 4.5
2013-8-17 28.7 31.6 27.1 0.0
2013-8-18 28.3 31.5 26.0 13.0
2013-8-19 28.2 32.3 25.7 6.0
2013-8-20 27.4 32.3 23.0 0.0
2013-8-21 28.8 33.9 24.2 0.0
2013-8-22 29.3 32.3 26.3 0.0
2013-8-23 25.7 28.7 23.7 35.0
2013-8-24 26.6 31.5 21.9 0.0
2013-8-25 27.1 32.1 22.0 0.0
2013-8-26 27.0 31.6 22.8 0.0
2013-8-27 25.6 29.3 22.5 0.0
2013-8-28 26.4 30.8 22.7 0.0
2013-8-29 25.5 26.7 24.5 21.5
2013-8-30 25.1 28.3 22.3 0.0
2013-8-31 24.0 27.9 21.1 2.5
2013-9-1 23.5 28.2 19.8 0.0
2013-9-2 22.4 26.9 17.3 0.0
2013-9-3 21.7 26.8 16.4 0.0
2013-9-4 22.0 27.5 16.4 0.0
2013-9-5 21.2 24.1 17.9 0.0
2013-9-6 20.8 23.1 19.0 0.0
2013-9-7 21.9 26.9 17.9 0.0
2013-9-8 22.9 27.9 18.4 0.0
2013-9-9 23.0 26.5 19.8 0.0
2013-9-10 22.0 25.2 19.1 11.5
2013-9-11 20.1 20.9 19.1 36.5
2013-9-12 23.0 26.3 20.3 0.5
2013-9-13 22.9 25.2 20.9 50.0
2013-9-14 23.1 25.3 21.5 11.5
2013-9-15 23.4 28.2 20.3 0.0
2013-9-16 20.9 27.0 15.2 0.0
2013-9-17 22.6 29.3 17.0 0.0
2013-9-18 24.4 31.1 17.5 0.0
2013-9-19 24.7 30.2 20.5 0.0
2013-9-20 23.4 28.0 20.1 0.0
2013-9-21 23.8 27.8 19.9 0.0
2013-9-22 23.1 27.2 20.4 0.0
2013-9-23 23.8 29.0 18.6 0.0
2013-9-24 22.0 23.9 20.0 4.5
2013-9-25 19.5 24.2 15.3 0.0
2013-9-26 17.3 22.5 12.7 0.0
2013-9-27 17.9 24.0 10.9 0.0
2013-9-28 17.4 19.9 15.2 4.0
2013-9-29 17.2 19.7 14.7 19.0
2013-9-30 20.7 25.5 18.0 1.0
2013-10-1 21.6 27.2 17.2 0.0
2013-10-2 19.4 22.8 15.0 0.0
2013-10-3 16.3 21.3 11.0 0.0
2013-10-4 17.4 25.1 10.7 0.0
2013-10-5 20.0 28.1 12.6 0.0
2013-10-6 20.8 25.7 15.4 0.0
2013-10-7 22.8 26.9 19.8 0.0
2013-10-8 20.0 21.8 18.0 3.0
2013-10-9 20.5 26.4 15.5 0.0
2013-10-10 21.1 26.4 15.9 0.0
2013-10-11 18.1 20.7 14.1 6.5
2013-10-12 16.4 21.5 11.0 0.0
2013-10-13 17.3 23.4 12.2 0.0
2013-10-14 18.3 24.4 13.3 0.0
2013-10-15 12.0 17.4 7.7 3.5
2013-10-16 11.2 16.8 6.1 0.0
2013-10-17 12.4 18.9 6.8 0.0
2013-10-18 13.6 20.2 8.1 0.0
2013-10-19 14.6 19.5 9.8 0.0
2013-10-20 16.7 22.9 11.7 0.0
2013-10-21 16.2 22.2 12.0 0.0
2013-10-22 15.9 21.7 11.3 0.0
2013-10-23 16.2 22.1 12.2 0.0
2013-10-24 13.1 18.5 7.8 0.0
2013-10-25 9.3 14.5 5.3 0.0
2013-10-26 10.0 15.7 4.3 0.0
2013-10-27 11.4 18.0 5.1 0.0
2013-10-28 11.6 16.7 6.7 0.0
2013-10-29 12.7 16.5 9.5 0.5
2013-10-30 10.5 16.2 6.4 0.0
2013-10-31 11.7 18.8 5.5 0.0
2013-11-1 14.8 20.7 8.6 0.0
2013-11-2 11.6 14.9 8.6 7.5
2013-11-3 11.9 16.7 7.8 0.0
2013-11-4 12.6 17.6 9.2 0.0
2013-11-5 12.3 18.5 7.5 0.0
2013-11-6 12.2 15.9 9.0 1.0
2013-11-7 12.2 15.8 7.5 0.1
2013-11-8 9.0 14.5 4.0 0.1
2013-11-9 11.6 15.5 9.2 5.5
2013-11-10 5.5 10.4 2.1 0.0
2013-11-11 2.6 7.5 -1.4 0.0
2013-11-12 3.4 8.5 -1.1 0.0
2013-11-13 4.8 11.4 -0.9 0.0
2013-11-14 6.7 9.9 3.1 1.0
2013-11-15 8.2 12.4 5.8 2.0
2013-11-16 7.0 12.0 2.4 2.0
2013-11-17 5.2 7.6 2.2 1.0
2013-11-18 1.1 4.2 -1.5 0.0
2013-11-19 1.1 3.8 -1.7 0.0
2013-11-20 1.5 5.9 -1.9 0.0
2013-11-21 2.6 7.3 -1.4 0.0
2013-11-22 4.6 10.5 -0.7 0.0
2013-11-23 7.1 12.5 2.2 0.0
2013-11-24 7.3 10.6 4.4 14.0
2013-11-25 4.7 10.2 -0.1 9.5
2013-11-26 2.1 5.8 -2.4 1.5
2013-11-27 0.0 4.7 -4.3 1.7
2013-11-28 -3.8 -0.9 -6.4 0.0
2013-11-29 -0.7 4.8 -5.4 0.0
2013-11-30 5.3 10.6 -1.1 0.0
2013-12-1 4.5 8.6 1.4 0.0
2013-12-2 3.9 6.6 0.1 0.0
2013-12-3 6.7 9.9 4.5 0.0
2013-12-4 5.5 9.6 2.1 0.0
2013-12-5 5.5 9.0 2.1 0.0
2013-12-6 3.0 7.0 -0.7 0.0
2013-12-7 6.2 11.0 3.8 0.1
2013-12-8 4.2 6.5 2.5 0.0
2013-12-9 3.8 5.2 1.9 14.0
2013-12-10 0.3 3.5 -2.2 0.0
2013-12-11 -1.7 0.2 -4.3 2.6
2013-12-12 -3.2 0.3 -6.3 4.1
2013-12-13 -6.8 -4.3 -8.9 0.0
2013-12-14 -4.9 -1.4 -8.5 1.1
2013-12-15 -4.4 0.7 -8.0 0.0
2013-12-16 -3.6 0.5 -7.3 0.0
2013-12-17 -0.3 4.7 -5.5 0.0
2013-12-18 2.2 6.5 -0.9 0.8
2013-12-19 -3.5 -0.9 -6.5 0.3
2013-12-20 -4.0 -0.1 -8.1 0.0
2013-12-21 -3.1 0.9 -6.3 0.0
2013-12-22 -2.1 3.1 -6.8 0.0
2013-12-23 -1.1 2.3 -3.7 0.0
2013-12-24 -1.6 4.0 -5.9 0.0
2013-12-25 -0.5 3.7 -4.4 0.0
2013-12-26 -0.5 2.7 -4.0 1.6
2013-12-27 -6.8 -3.7 -9.3 0.0
2013-12-28 -6.5 -2.7 -9.8 0.0
2013-12-29 -2.9 1.6 -8.0 0.1
2013-12-30 2.2 6.3 -1.9 0.0
2013-12-31 3.8 8.0 0.5 0.0
2014-1-1 4.0 7.9 0.3 0.0
2014-1-2 1.5 6.2 -1.3 0.0
2014-1-3 2.3 7.3 -1.1 0.0
2014-1-4 -0.1 5.6 -3.7 0.0
2014-1-5 -0.8 3.8 -4.3 0.0
2014-1-6 0.8 6.4 -3.7 0.0
2014-1-7 3.0 5.5 0.3 0.0
2014-1-8 0.5 4.0 -5.7 0.0
2014-1-9 -7.8 -4.3 -10.4 0.0
2014-1-10 -4.7 -0.9 -9.3 0.0
2014-1-11 -1.7 2.4 -5.4 0.0
2014-1-12 -2.4 2.5 -7.7 0.0
2014-1-13 -6.2 -1.6 -10.5 0.0
2014-1-14 -4.3 1.1 -8.9 0.0
2014-1-15 -2.9 2.2 -7.6 0.0
2014-1-16 0.1 3.6 -4.0 0.0
2014-1-17 -0.1 3.8 -3.7 0.0
2014-1-18 -2.2 0.8 -4.9 0.0
2014-1-19 -2.6 2.4 -7.4 0.0
2014-1-20 -1.5 1.9 -4.2 5.3
2014-1-21 -5.5 -3.1 -7.2 0.7
2014-1-22 -3.9 1.6 -9.5 0.0
2014-1-23 -0.8 4.1 -5.2 0.0
2014-1-24 3.0 5.7 -1.1 0.0
2014-1-25 4.2 6.3 -0.4 3.0
2014-1-26 -2.1 2.3 -5.3 0.0
2014-1-27 0.2 6.0 -5.4 0.0
2014-1-28 1.5 4.6 -3.0 0.5
2014-1-29 2.2 8.2 -5.3 0.0
2014-1-30 4.0 6.5 -1.0 3.5
2014-1-31 1.3 7.0 -4.3 0.0
2014-2-1 4.9 6.0 3.7 11.0
2014-2-2 4.9 6.5 2.8 0.5
2014-2-3 -3.5 2.8 -8.2 0.0
2014-2-4 -7.4 -3.7 -10.5 0.0
2014-2-5 -4.8 0.3 -8.9 0.0
2014-2-6 -1.3 4.5 -5.2 0.0
2014-2-7 2.4 7.6 -2.0 0.0
2014-2-8 0.2 2.5 -1.5 4.3
2014-2-9 -1.6 0.7 -3.4 0.2
2014-2-10 -0.1 4.4 -2.9 0.2
2014-2-11 0.2 5.2 -3.8 0.0
2014-2-12 1.2 5.1 -2.0 0.0
2014-2-13 1.9 6.5 -2.1 0.0
2014-2-14 2.7 7.6 -0.7 0.0
2014-2-15 2.7 8.5 -1.9 0.0
2014-2-16 2.8 8.1 -1.1 0.0
2014-2-17 4.2 8.5 0.9 0.0
2014-2-18 2.5 5.4 0.3 0.0
2014-2-19 2.1 6.7 -1.9 0.0
2014-2-20 1.2 5.5 -1.2 0.0
2014-2-21 0.9 6.9 -4.0 0.0
2014-2-22 2.2 7.4 -2.1 0.0
2014-2-23 3.1 8.5 -1.8 0.0
2014-2-24 4.1 9.3 -0.3 0.0
2014-2-25 5.7 12.3 0.6 0.0
2014-2-26 8.4 16.4 1.4 0.0
2014-2-27 7.7 13.1 3.8 0.0
2014-2-28 6.7 12.3 1.3 0.0
2014-3-1 6.0 9.4 3.3 0.0
2014-3-2 4.5 10.1 -0.2 0.0
2014-3-3 5.2 11.9 -1.0 0.0
2014-3-4 6.3 12.3 2.2 0.0
2014-3-5 1.4 5.3 -1.4 0.0
2014-3-6 0.3 5.0 -3.0 0.0
2014-3-7 -0.6 4.3 -4.6 0.0
2014-3-8 2.0 7.0 -2.2 0.0
2014-3-9 1.4 4.8 -1.6 2.2
2014-3-10 1.5 7.7 -3.6 0.0
2014-3-11 4.5 9.4 -0.9 0.0
2014-3-12 6.9 9.5 4.0 0.2
2014-3-13 5.2 8.3 1.6 0.0
2014-3-14 3.4 8.5 -1.5 0.0
2014-3-15 6.8 13.4 0.1 0.0
2014-3-16 11.3 18.5 5.7 0.0
2014-3-17 12.6 19.4 6.9 0.5
2014-3-18 10.5 16.0 7.7 0.4
2014-3-19 9.6 12.3 7.4 0.0
2014-3-20 6.3 10.3 2.8 0.4
2014-3-21 5.9 12.0 1.2 0.0
2014-3-22 8.6 15.5 2.3 0.0
2014-3-23 9.6 15.5 4.6 0.0
2014-3-24 10.9 15.3 4.6 0.0
2014-3-25 14.6 18.2 11.9 0.0
2014-3-26 15.4 21.9 11.8 0.0
2014-3-27 13.5 20.4 7.7 0.0
2014-3-28 16.6 23.8 11.3 0.0
2014-3-29 15.0 18.0 13.2 3.5
2014-3-30 14.9 20.6 10.2 0.0
2014-3-31 14.5 20.2 8.8 0.0
2014-4-1 15.6 23.0 9.5 0.0
2014-4-2 15.5 21.9 9.9 0.0
2014-4-3 10.2 13.6 5.5 0.5
2014-4-4 6.6 11.7 2.3 0.0
2014-4-5 6.2 11.0 3.5 0.0
2014-4-6 7.4 12.8 2.3 0.0
2014-4-7 10.3 16.7 4.9 0.0
2014-4-8 11.9 19.7 5.7 0.0
2014-4-9 10.3 15.3 7.0 0.0
2014-4-10 12.5 20.0 7.2 0.0
2014-4-11 13.6 18.7 10.1 0.0
2014-4-12 14.3 17.2 11.1 0.0
2014-4-13 17.2 24.3 13.2 0.0
2014-4-14 16.3 22.4 12.1 0.0
2014-4-15 12.9 16.8 9.3 0.0
2014-4-16 14.0 19.4 10.0 0.0
2014-4-17 14.7 20.9 8.4 3.0
2014-4-18 15.9 23.0 12.0 0.0
2014-4-19 14.0 18.4 11.4 0.0
2014-4-20 14.6 21.6 10.0 0.0
2014-4-21 15.1 21.4 9.8 0.0
2014-4-22 16.0 23.3 9.6 0.0
2014-4-23 17.2 24.9 10.4 0.0
2014-4-24 18.6 26.2 12.1 0.0
2014-4-25 19.0 25.9 12.3 0.0
2014-4-26 18.7 25.4 13.3 0.0
2014-4-27 15.6 18.3 13.6 8.5
2014-4-28 13.6 15.0 12.2 13.5
2014-4-29 15.0 18.9 11.9 5.5
2014-4-30 16.1 21.4 11.4 0.0
2014-5-1 16.0 22.1 10.4 0.0
2014-5-2 15.7 24.8 11.1 1.0
2014-5-3 13.1 19.3 8.0 0.0
2014-5-4 12.3 20.5 8.5 0.2
2014-5-5 11.3 15.5 6.8 0.0
2014-5-6 13.1 19.0 7.6 0.0
2014-5-7 15.7 22.3 8.7 2.0
2014-5-8 14.5 19.5 11.5 4.0
2014-5-9 16.8 23.8 9.8 0.0
2014-5-10 20.5 28.3 12.9 0.0
2014-5-11 18.9 23.8 15.9 23.0
2014-5-12 16.4 20.4 13.6 10.0
2014-5-13 19.2 25.6 11.9 0.0
2014-5-14 19.6 25.9 15.3 0.0
2014-5-15 18.2 23.7 14.5 0.3
2014-5-16 19.0 26.2 12.3 0.0
2014-5-17 20.0 26.2 14.3 0.0
2014-5-18 20.3 27.1 13.7 0.0
2014-5-19 20.0 26.2 14.1 0.0
2014-5-20 21.5 28.4 16.1 0.0
2014-5-21 20.1 26.5 15.9 0.0
2014-5-22 20.9 28.3 13.6 0.0
2014-5-23 22.0 27.8 17.6 0.0
2014-5-24 21.3 27.9 16.9 0.0
2014-5-25 20.5 24.9 18.3 21.0
2014-5-26 19.4 24.7 16.5 1.5
2014-5-27 22.8 28.3 16.7 0.0
2014-5-28 24.0 29.8 19.9 0.0
2014-5-29 23.2 30.9 17.5 0.0
2014-5-30 24.8 31.8 17.3 0.0
2014-5-31 26.2 33.3 20.5 0.0
2014-6-1 24.7 29.9 20.4 0.0
2014-6-2 22.6 24.6 20.6 2.0
2014-6-3 18.7 21.0 17.5 33.0
2014-6-4 22.8 27.8 18.7 0.0
2014-6-5 22.9 26.1 20.4 0.0
2014-6-6 24.4 31.1 18.8 0.0
2014-6-7 23.5 27.1 19.7 0.0
2014-6-8 21.4 24.5 19.2 0.0
2014-6-9 22.9 28.7 18.5 0.0
2014-6-10 23.6 29.3 20.0 5.5
2014-6-11 20.5 26.9 18.3 19.0
2014-6-12 21.2 27.1 17.3 0.1
2014-6-13 21.3 25.8 18.4 0.0
2014-6-14 22.5 27.7 18.3 0.0
2014-6-15 23.2 28.5 19.5 0.0
2014-6-16 23.9 29.0 19.1 0.0
2014-6-17 24.5 30.7 21.5 3.5
2014-6-18 24.4 29.1 20.5 0.1
2014-6-19 22.5 25.6 20.8 0.0
2014-6-20 24.2 28.6 20.7 1.5
2014-6-21 23.1 28.2 19.8 8.5
2014-6-22 23.7 29.0 20.2 0.4
2014-6-23 21.0 23.2 19.4 24.5
2014-6-24 22.9 27.2 19.4 0.0
2014-6-25 23.8 29.0 20.2 0.0
2014-6-26 24.4 29.5 20.2 0.0
2014-6-27 24.1 29.5 20.6 0.0
2014-6-28 23.8 28.4 21.3 0.0
2014-6-29 24.1 29.8 20.9 0.0
2014-6-30 25.3 30.2 21.2 0.0
2014-7-1 26.0 31.2 21.1 0.0
2014-7-2 25.7 31.1 22.1 20.5
2014-7-3 22.6 24.7 21.4 2.0
2014-7-4 26.8 32.3 21.6 0.0
2014-7-5 25.7 29.7 22.3 0.0
2014-7-6 25.7 29.5 23.0 0.0
2014-7-7 27.1 33.8 20.8 0.0
2014-7-8 25.9 29.3 23.7 0.2
2014-7-9 27.6 33.0 25.6 0.5
2014-7-10 28.9 33.6 24.6 0.0
2014-7-11 27.1 32.8 23.0 0.0
2014-7-12 25.3 29.6 22.9 0.0
2014-7-13 25.4 29.4 23.0 0.0
2014-7-14 26.4 30.7 22.8 0.0
2014-7-15 26.8 32.3 23.9 0.0
2014-7-16 26.6 32.2 23.5 0.0
2014-7-17 25.9 29.6 23.6 0.2
2014-7-18 26.1 30.6 22.6 1.5
2014-7-19 27.0 30.7 24.7 0.0
2014-7-20 27.9 33.2 24.6 0.0
2014-7-21 27.3 31.6 24.4 0.0
2014-7-22 25.9 28.2 24.6 16.5
2014-7-23 23.6 25.2 21.7 55.0
2014-7-24 21.9 24.5 19.1 48.0
2014-7-25 27.5 33.7 22.1 59.5
2014-7-26 22.6 27.3 20.8 2.5
2014-7-27 25.0 30.6 21.4 0.0
2014-7-28 26.6 31.3 21.6 0.0
2014-7-29 26.5 30.1 23.4 0.0
2014-7-30 28.6 33.5 25.0 0.0
2014-7-31 28.6 34.4 25.8 1.5
2014-8-1 30.2 34.7 24.7 0.0
2014-8-2 31.4 35.8 28.7 0.0
2014-8-3 26.5 30.5 24.1 13.0
2014-8-4 26.4 29.6 24.7 6.5
2014-8-5 26.6 29.2 25.0 0.0
2014-8-6 24.4 26.2 22.5 10.5
2014-8-7 24.7 27.1 22.6 0.2
2014-8-8 26.1 30.6 21.9 0.0
2014-8-9 26.5 31.6 22.3 0.0
2014-8-10 23.4 27.7 19.6 42.5
2014-8-11 23.7 28.6 18.3 0.0
2014-8-12 25.8 30.4 22.3 0.0
2014-8-13 24.2 26.7 22.5 0.0
2014-8-14 22.3 24.2 21.4 0.5
2014-8-15 24.9 29.6 20.9 0.0
2014-8-16 26.1 31.8 22.2 0.0
2014-8-17 24.0 25.0 22.9 3.0
2014-8-18 22.3 24.4 20.9 11.5
2014-8-19 22.3 25.3 20.4 4.5
2014-8-20 24.8 28.0 22.4 0.5
2014-8-21 23.1 24.6 21.8 46.5
2014-8-22 24.7 28.2 21.8 15.0
2014-8-23 25.2 29.7 22.8 0.5
2014-8-24 25.6 30.7 20.7 0.1
2014-8-25 25.9 28.6 24.1 0.0
2014-8-26 25.4 29.6 21.6 11.5
2014-8-27 24.6 28.6 21.1 0.0
2014-8-28 25.1 30.7 19.8 0.0
2014-8-29 25.2 30.1 21.0 6.5
2014-8-30 24.6 30.7 19.9 0.0
2014-8-31 24.1 29.0 20.7 0.0
2014-9-1 24.1 29.7 20.4 1.5
2014-9-2 23.1 27.7 19.3 6.0
2014-9-3 19.1 20.6 17.4 57.5
2014-9-4 22.4 27.6 18.0 0.0
2014-9-5 23.8 29.0 20.0 0.0
2014-9-6 25.2 30.8 20.3 0.0
2014-9-7 25.3 31.3 19.8 0.0
2014-9-8 24.8 30.2 20.6 0.0
2014-9-9 23.3 28.2 19.9 0.0
2014-9-10 22.4 28.9 16.7 0.0
2014-9-11 23.3 29.2 17.5 0.0
2014-9-12 21.3 26.6 18.6 0.1
2014-9-13 23.1 28.3 18.6 0.0
2014-9-14 23.0 28.4 18.2 0.0
2014-9-15 23.1 27.5 20.6 0.0
2014-9-16 21.3 27.0 15.8 0.0
2014-9-17 20.2 22.6 17.6 0.0
2014-9-18 20.6 27.0 16.2 0.0
2014-9-19 21.4 28.4 14.9 0.0
2014-9-20 21.6 28.1 15.4 0.0
2014-9-21 20.2 25.6 17.5 0.0
2014-9-22 21.4 27.9 15.0 0.0
2014-9-23 23.0 29.0 18.1 0.0
2014-9-24 20.3 23.8 18.0 6.5
2014-9-25 22.2 27.7 17.7 0.0
2014-9-26 21.0 24.2 18.6 0.0
2014-9-27 21.4 25.1 18.3 0.0
2014-9-28 21.7 24.7 19.2 0.5
2014-9-29 19.4 20.7 17.7 16.0
2014-9-30 18.9 23.7 15.4 0.0
2014-10-1 19.2 24.4 14.9 0.0
2014-10-2 18.1 20.1 17.1 9.0
2014-10-3 16.1 20.8 13.4 0.0
2014-10-4 16.9 23.0 11.6 0.0
2014-10-5 17.1 23.2 12.5 0.0
2014-10-6 16.6 22.6 10.5 0.0
2014-10-7 16.1 22.5 11.6 0.0
2014-10-8 16.7 23.6 10.0 0.0
2014-10-9 18.6 25.4 12.4 0.0
2014-10-10 19.0 26.3 12.5 0.0
2014-10-11 19.4 25.6 13.6 0.0
2014-10-12 21.2 29.0 13.9 0.0
2014-10-13 17.4 21.7 11.0 0.0
2014-10-14 13.8 20.0 8.5 0.0
2014-10-15 13.8 20.0 8.9 0.0
2014-10-16 13.2 18.0 9.3 2.5
2014-10-17 13.6 21.2 6.6 0.0
2014-10-18 15.5 22.5 9.4 0.0
2014-10-19 17.0 22.7 11.2 0.0
2014-10-20 14.4 17.1 12.9 21.5
2014-10-21 13.8 15.7 11.9 18.5
2014-10-22 13.6 18.7 10.4 0.0
2014-10-23 13.8 20.6 8.5 0.0
2014-10-24 15.1 21.0 9.9 0.0
2014-10-25 16.5 22.2 12.9 0.0
2014-10-26 16.0 19.9 11.6 0.5
2014-10-27 10.7 16.9 6.1 0.0
2014-10-28 10.2 19.4 2.7 0.0
2014-10-29 12.1 20.8 4.9 0.0
2014-10-30 14.2 20.8 7.7 0.0
2014-10-31 15.0 18.2 12.8 0.2
2014-11-1 17.3 22.9 15.1 0.0
2014-11-2 12.0 15.4 7.1 2.5
2014-11-3 9.3 14.8 3.8 0.0
2014-11-4 11.3 18.5 5.4 0.0
2014-11-5 12.4 18.4 6.4 0.0
2014-11-6 13.5 17.7 9.5 0.5
2014-11-7 9.8 16.5 5.1 0.0
2014-11-8 9.9 15.1 6.9 0.0
2014-11-9 10.0 15.5 6.3 0.0
2014-11-10 9.4 16.5 3.5 0.0
2014-11-11 9.4 14.5 4.6 2.0
2014-11-12 6.0 10.0 -1.3 5.0
2014-11-13 -0.2 4.3 -3.1 0.0
2014-11-14 4.2 10.0 -1.4 0.0
2014-11-15 4.1 9.5 -0.5 0.0
2014-11-16 6.6 12.4 2.6 1.0
2014-11-17 6.2 9.0 3.8 1.5
2014-11-18 5.0 10.4 1.7 0.0
2014-11-19 5.6 12.6 -0.6 0.0
2014-11-20 7.9 14.6 2.7 0.0
2014-11-21 11.3 16.5 5.9 0.0
2014-11-22 11.0 12.7 8.0 4.0
2014-11-23 9.0 12.3 6.3 0.0
2014-11-24 9.8 13.2 8.0 0.0
2014-11-25 10.2 15.1 6.6 0.0
2014-11-26 11.0 16.3 8.2 0.0
2014-11-27 10.4 14.9 6.7 0.0
2014-11-28 8.8 10.1 6.5 18.0
2014-11-29 8.3 12.8 5.5 0.0
2014-11-30 9.1 11.1 7.2 7.0
2014-12-1 -1.1 7.9 -7.2 0.5
2014-12-2 -5.4 -2.7 -8.2 0.0
2014-12-3 -3.3 -0.5 -6.5 0.9
2014-12-4 -4.6 -0.2 -7.4 0.0
2014-12-5 -6.6 -2.5 -10.1 0.0
2014-12-6 -5.6 -0.5 -8.8 0.0
2014-12-7 -3.4 0.2 -8.2 0.0
2014-12-8 -1.6 2.7 -4.8 0.0
2014-12-9 -2.4 4.1 -7.4 0.0
2014-12-10 1.6 4.2 -1.9 2.0
2014-12-11 -1.5 3.2 -5.2 0.5
2014-12-12 -3.8 0.5 -7.0 0.1
2014-12-13 -5.2 -2.0 -7.3 0.0
2014-12-14 -3.6 0.6 -8.6 0.0
2014-12-15 -0.1 2.0 -1.7 10.5
2014-12-16 -4.9 1.7 -9.4 0.0
2014-12-17 -9.0 -5.2 -11.1 0.0
2014-12-18 -8.3 -2.2 -13.2 0.0
2014-12-19 -3.8 0.0 -8.1 0.9
2014-12-20 -1.7 2.1 -6.6 2.0
2014-12-21 -6.4 -1.3 -9.0 0.0
2014-12-22 -4.7 0.8 -9.7 0.3
2014-12-23 -1.3 1.8 -5.7 0.0
2014-12-24 1.7 6.4 -3.1 0.2
2014-12-25 -2.6 1.8 -5.9 0.0
2014-12-26 -3.2 2.5 -7.4 0.0
2014-12-27 -1.8 5.0 -6.3 0.0
2014-12-28 -0.8 1.6 -3.6 0.0
2014-12-29 2.9 6.4 -0.5 0.0
2014-12-30 1.9 6.3 -1.6 0.0
2014-12-31 -1.9 1.7 -6.9 0.0
2015-1-1 -7.7 -4.3 -9.8 0.0
2015-1-2 -6.0 -1.9 -9.0 0.0
2015-1-3 -2.7 3.1 -9.2 0.0
2015-1-4 2.5 8.5 0.2 0.0
2015-1-5 3.7 7.9 -1.1 0.4
2015-1-6 -3.2 4.0 -7.6 3.0
2015-1-7 -5.5 -0.6 -8.9 0.0
2015-1-8 -5.1 -0.2 -9.5 0.0
2015-1-9 -2.1 3.5 -6.8 0.0
2015-1-10 -0.3 4.8 -5.6 0.0
2015-1-11 -0.4 2.5 -4.3 0.0
2015-1-12 -2.7 3.7 -7.3 0.0
2015-1-13 0.2 5.8 -5.1 0.0
2015-1-14 2.5 6.1 -0.3 0.0
2015-1-15 2.8 9.0 -1.1 0.0
2015-1-16 0.8 3.4 -2.5 0.3
2015-1-17 -4.1 0.0 -7.7 0.0
2015-1-18 -1.3 2.1 -6.5 4.0
2015-1-19 -0.1 3.1 -4.0 0.1
2015-1-20 -0.9 4.4 -6.4 0.0
2015-1-21 2.6 6.5 -1.2 0.0
2015-1-22 3.1 7.1 0.8 0.0
2015-1-23 1.2 4.9 -1.6 0.0
2015-1-24 3.7 8.4 0.8 0.0
2015-1-25 3.0 5.0 1.1 3.0
2015-1-26 3.6 6.5 0.2 0.5
2015-1-27 -3.6 0.5 -7.4 0.0
2015-1-28 -4.1 2.7 -9.1 0.0
2015-1-29 -1.1 3.0 -4.6 0.0
2015-1-30 -3.3 0.8 -7.0 0.0
2015-1-31 -4.5 0.8 -8.5 0.0
2015-2-1 -3.0 3.6 -8.2 0.0
2015-2-2 -0.6 6.4 -5.3 0.0
2015-2-3 0.6 7.2 -3.5 0.0
2015-2-4 0.4 5.8 -3.1 0.0
2015-2-5 -0.1 4.8 -3.8 0.0
2015-2-6 0.4 6.5 -4.3 0.0
2015-2-7 1.2 5.7 -2.7 0.0
2015-2-8 -9.8 -2.8 -11.9 0.0
2015-2-9 -5.7 -0.1 -13.0 0.2
2015-2-10 1.7 5.8 -2.0 0.0
2015-2-11 2.7 8.0 -0.8 0.0
2015-2-12 -2.2 1.6 -4.7 0.0
2015-2-13 -1.6 4.0 -6.4 0.0
2015-2-14 2.0 6.6 -3.1 0.0
2015-2-15 7.9 13.0 3.2 0.0
2015-2-16 5.0 7.9 4.1 10.5
2015-2-17 1.9 4.1 0.5 0.5
2015-2-18 0.8 3.3 -1.5 0.0
2015-2-19 2.2 8.6 -2.7 0.0
2015-2-20 5.2 11.4 -1.3 0.0
2015-2-21 5.7 6.7 4.8 8.0
2015-2-22 3.5 7.0 -0.7 2.5
2015-2-23 0.9 5.9 -2.4 0.0
2015-2-24 2.1 7.5 -1.1 0.0
2015-2-25 5.4 12.5 0.2 0.5
2015-2-26 1.2 4.7 -3.5 0.5
2015-2-27 -1.3 4.8 -5.6 0.0
2015-2-28 2.7 6.4 -2.0 0.0
2015-3-1 2.4 5.9 -0.2 0.0
2015-3-2 3.9 9.7 -1.9 0.0
2015-3-3 2.8 6.7 -1.3 5.5
2015-3-4 -2.1 1.4 -4.6 0.0
2015-3-5 -0.3 5.5 -5.4 0.0
2015-3-6 2.9 10.4 -3.2 0.0
2015-3-7 4.2 11.0 -2.3 0.0
2015-3-8 7.7 15.1 0.4 0.0
2015-3-9 2.2 8.2 -5.4 0.0
2015-3-10 -3.4 1.0 -6.9 0.0
2015-3-11 0.4 7.5 -5.1 0.0
2015-3-12 2.1 6.7 -3.5 0.0
2015-3-13 5.6 11.0 1.8 0.1
2015-3-14 4.3 11.6 -1.2 0.0
2015-3-15 5.5 12.5 0.0 0.0
2015-3-16 9.8 18.6 1.3 0.0
2015-3-17 10.7 16.1 6.9 0.0
2015-3-18 10.7 14.4 8.4 1.5
2015-3-19 12.4 21.0 6.5 0.0
2015-3-20 13.4 21.9 7.6 0.0
2015-3-21 11.7 17.8 6.9 0.0
2015-3-22 8.3 14.9 2.2 0.0
2015-3-23 4.6 10.1 0.0 0.0
2015-3-24 5.4 12.4 -0.9 0.0
2015-3-25 6.5 14.2 0.1 0.0
2015-3-26 7.9 14.8 1.6 0.0
2015-3-27 9.1 16.2 3.2 0.0
2015-3-28 9.7 17.0 2.5 0.0
2015-3-29 10.5 16.5 7.0 0.0
2015-3-30 13.2 20.8 5.9 0.0
2015-3-31 12.9 14.9 10.0 2.5
2015-4-1 12.9 17.6 10.0 2.5
2015-4-2 14.8 21.8 8.5 28.0
2015-4-3 10.6 15.1 6.9 3.5
2015-4-4 13.5 18.5 8.9 0.0
2015-4-5 10.5 12.2 10.1 0.5
2015-4-6 10.3 15.4 6.9 0.0
2015-4-7 8.4 12.2 5.5 0.0
2015-4-8 8.3 13.7 3.5 0.0
2015-4-9 9.6 16.3 3.8 0.0
2015-4-10 11.6 19.2 4.6 0.0
2015-4-11 13.5 20.7 6.7 0.0
2015-4-12 14.9 20.4 9.1 0.0
2015-4-13 12.0 17.6 7.4 6.5
2015-4-14 6.9 8.0 5.8 10.5
2015-4-15 11.1 17.0 5.6 1.0
2015-4-16 9.9 14.8 6.9 7.0
2015-4-17 10.5 16.1 4.8 0.0
2015-4-18 15.2 23.7 5.2 0.0
2015-4-19 14.5 17.3 11.2 12.0
2015-4-20 12.2 16.8 10.3 5.5
2015-4-21 14.0 20.9 7.7 0.0
2015-4-22 14.2 20.7 9.3 0.0
2015-4-23 14.5 20.1 8.0 0.0
2015-4-24 15.7 22.8 10.4 0.0
2015-4-25 15.9 23.0 9.2 0.0
2015-4-26 17.3 24.4 9.9 0.0
2015-4-27 18.5 24.9 12.7 0.0
2015-4-28 20.3 26.9 12.3 0.0
2015-4-29 17.0 18.4 15.8 3.5
2015-4-30 21.2 28.3 15.1 0.0
2015-5-1 21.0 27.2 15.9 0.0
2015-5-2 20.7 26.0 15.8 0.5
2015-5-3 18.3 19.6 17.1 3.5
2015-5-4 16.1 20.1 12.5 0.0
2015-5-5 14.2 19.9 8.3 0.0
2015-5-6 15.4 22.0 9.8 0.0
2015-5-7 16.5 24.0 10.6 0.0
2015-5-8 16.7 22.7 11.7 0.0
2015-5-9 17.6 24.0 12.6 0.0
2015-5-10 19.1 25.9 13.5 0.0
2015-5-11 18.4 24.1 14.4 14.0
2015-5-12 13.3 17.5 10.3 9.5
2015-5-13 17.4 21.4 11.8 0.0
2015-5-14 20.4 26.6 15.3 0.0
2015-5-15 19.1 23.7 16.3 0.0
2015-5-16 18.0 25.2 11.6 0.0
2015-5-17 18.6 25.2 11.7 0.0
2015-5-18 17.7 22.2 13.7 0.0
2015-5-19 14.8 16.2 13.0 1.0
2015-5-20 16.3 21.9 10.6 0.0
2015-5-21 18.7 26.0 12.6 0.0
2015-5-22 20.0 27.2 13.7 0.0
2015-5-23 20.6 28.3 13.6 0.0
2015-5-24 21.0 28.5 14.0 0.0
2015-5-25 20.8 28.7 14.4 0.0
2015-5-26 21.5 30.3 14.1 0.0
2015-5-27 23.2 31.5 14.4 0.0
2015-5-28 24.3 32.2 16.7 0.0
2015-5-29 23.8 29.8 18.5 0.0
2015-5-30 19.8 23.2 17.0 0.4
2015-5-31 22.1 30.4 15.3 0.0
2015-6-1 21.7 28.5 15.8 0.0
2015-6-2 23.1 29.8 18.1 0.0
2015-6-3 23.3 29.4 17.1 0.0
2015-6-4 24.2 31.5 17.1 0.0
2015-6-5 19.1 22.0 17.5 1.0
2015-6-6 22.4 28.9 16.4 0.0
2015-6-7 23.4 31.5 18.7 0.0
2015-6-8 22.4 27.8 18.2 0.0
2015-6-9 22.2 28.1 18.8 0.0
2015-6-10 25.3 34.9 17.6 0.0
2015-6-11 24.6 30.2 20.7 7.5
2015-6-12 23.6 29.9 19.4 0.5
2015-6-13 24.7 30.9 20.1 0.5
2015-6-14 22.8 27.7 17.8 15.5
2015-6-15 24.2 30.6 19.6 0.0
2015-6-16 25.0 30.9 20.0 0.0
2015-6-17 23.4 30.8 20.2 9.5
2015-6-18 24.8 31.3 19.6 3.0
2015-6-19 24.5 29.9 20.0 0.0
2015-6-20 19.6 22.6 17.0 44.5
2015-6-21 22.4 29.6 15.6 0.0
2015-6-22 24.0 29.1 19.4 0.0
2015-6-23 24.7 31.0 19.7 0.0
2015-6-24 25.7 30.6 21.1 0.0
2015-6-25 24.8 29.1 21.0 2.0
2015-6-26 21.0 25.3 18.0 12.5
2015-6-27 25.2 31.1 19.2 0.0
2015-6-28 25.4 31.1 21.0 0.0
2015-6-29 25.7 30.6 21.2 0.0
2015-6-30 24.4 29.2 21.9 2.5
2015-7-1 23.7 27.9 21.0 0.5
2015-7-2 23.7 29.3 20.4 0.0
2015-7-3 23.3 28.3 19.2 0.0
2015-7-4 24.1 29.9 18.2 0.0
2015-7-5 24.2 29.6 20.1 0.0
2015-7-6 25.3 32.5 20.2 0.0
2015-7-7 25.6 29.7 21.4 0.0
2015-7-8 23.4 26.3 20.7 0.5
2015-7-9 26.5 31.8 22.1 0.0
2015-7-10 29.2 34.3 23.6 0.0
2015-7-11 30.4 36.0 25.7 0.0
2015-7-12 24.8 28.0 24.0 29.0
2015-7-13 23.1 24.9 21.4 10.0
2015-7-14 26.1 31.4 22.5 0.0
2015-7-15 27.9 33.9 22.7 0.0
2015-7-16 24.7 28.9 20.6 0.0
2015-7-17 23.6 28.6 18.4 0.0
2015-7-18 24.3 27.8 22.3 0.5
2015-7-19 25.1 29.8 21.3 5.0
2015-7-20 27.5 31.2 24.4 0.0
2015-7-21 27.0 29.6 24.6 11.0
2015-7-22 27.7 31.7 25.3 1.0
2015-7-23 26.9 32.1 24.9 16.0
2015-7-24 24.7 25.4 22.6 26.5
2015-7-25 25.0 26.4 24.4 80.0
2015-7-26 26.0 30.0 23.5 40.5
2015-7-27 26.2 30.0 24.4 1.5
2015-7-28 27.7 31.2 24.6 0.0
2015-7-29 26.7 28.8 24.8 4.0
2015-7-30 28.6 33.1 25.5 0.0
2015-7-31 27.9 32.4 26.2 0.0
2015-8-1 28.2 31.6 26.0 0.0
2015-8-2 26.5 29.2 24.1 16.5
2015-8-3 27.9 31.5 25.6 0.0
2015-8-4 27.5 30.8 25.4 0.0
2015-8-5 28.6 32.7 25.9 0.1
2015-8-6 29.3 34.4 24.5 0.0
2015-8-7 28.9 34.4 26.0 11.0
2015-8-8 26.6 33.0 24.3 7.5
2015-8-9 26.7 31.0 23.3 0.0
2015-8-10 27.0 32.0 23.9 0.0
2015-8-11 26.8 30.6 24.5 0.0
2015-8-12 27.3 32.9 22.1 0.0
2015-8-13 26.5 31.1 23.9 0.0
2015-8-14 26.9 32.5 22.7 0.0
2015-8-15 27.1 30.8 23.1 0.1
2015-8-16 25.8 31.2 20.7 29.0
2015-8-17 26.6 32.9 19.8 0.0
2015-8-18 27.9 32.2 24.1 0.0
2015-8-19 26.8 29.7 24.2 0.0
2015-8-20 25.4 28.1 24.2 0.4
2015-8-21 25.2 29.3 23.0 2.5
2015-8-22 25.5 29.6 23.4 0.0
2015-8-23 26.3 31.7 20.9 0.0
2015-8-24 26.3 30.3 23.3 0.0
2015-8-25 21.7 24.5 19.2 5.5
2015-8-26 21.9 25.3 18.9 0.0
2015-8-27 24.7 30.0 21.2 0.0
2015-8-28 23.2 28.1 19.0 0.3
2015-8-29 24.4 30.8 19.0 0.0
2015-8-30 24.9 31.0 19.9 0.0
2015-8-31 25.9 31.2 21.0 0.0
2015-9-1 25.9 30.7 22.6 0.0
2015-9-2 23.9 27.7 22.0 0.5
2015-9-3 23.9 28.2 19.8 18.0
2015-9-4 24.8 30.7 20.6 0.0
2015-9-5 21.9 23.6 19.4 5.0
2015-9-6 22.2 26.2 19.3 0.0
2015-9-7 22.6 28.7 16.8 0.0
2015-9-8 22.7 28.9 16.2 0.0
2015-9-9 22.4 30.1 15.3 0.0
2015-9-10 22.4 28.4 17.0 0.0
2015-9-11 21.0 24.4 16.8 2.5
2015-9-12 19.2 24.0 15.5 0.0
2015-9-13 20.2 26.0 15.2 0.0
2015-9-14 22.1 27.8 16.4 0.0
2015-9-15 22.8 28.7 17.4 0.0
2015-9-16 21.6 26.7 16.0 0.0
2015-9-17 21.4 27.6 15.5 0.0
2015-9-18 21.9 29.2 15.9 0.0
2015-9-19 22.3 29.0 17.0 0.0
2015-9-20 22.1 28.3 17.9 0.0
2015-9-21 22.6 29.4 16.5 0.0
2015-9-22 23.9 31.0 18.0 0.0
2015-9-23 22.0 26.1 19.0 0.0
2015-9-24 23.4 30.6 17.5 0.0
2015-9-25 23.4 29.8 19.0 0.0
2015-9-26 22.4 28.0 17.9 0.0
2015-9-27 21.9 29.8 14.2 0.0
2015-9-28 21.4 28.3 15.5 0.0
2015-9-29 22.1 28.2 15.9 0.0
2015-9-30 21.3 26.2 19.4 0.0
2015-10-1 16.3 19.7 10.7 35.0
2015-10-2 16.5 21.5 8.6 0.0
2015-10-3 19.2 24.5 13.3 0.0
2015-10-4 16.6 22.4 11.2 0.0
2015-10-5 18.0 25.6 11.0 0.0
2015-10-6 18.7 26.3 12.1 0.0
2015-10-7 19.6 25.7 14.1 0.0
2015-10-8 20.1 26.4 15.7 0.0
2015-10-9 16.2 20.5 12.8 0.0
2015-10-10 12.8 17.2 10.4 3.5
2015-10-11 10.8 14.4 8.1 3.5
2015-10-12 12.3 17.9 8.2 0.0
2015-10-13 15.0 21.3 7.8 0.0
2015-10-14 17.1 24.5 10.9 0.0
2015-10-15 17.9 26.1 12.1 0.0
2015-10-16 17.5 24.2 13.2 0.0
2015-10-17 18.7 26.6 12.4 0.0
2015-10-18 17.9 24.2 12.4 0.0
2015-10-19 18.1 23.9 13.6 0.0
2015-10-20 18.8 25.1 15.4 0.0
2015-10-21 17.9 22.7 13.9 0.0
2015-10-22 17.5 23.1 14.5 0.0
2015-10-23 17.5 21.4 15.2 0.0
2015-10-24 16.9 22.0 13.2 10.5
2015-10-25 16.3 22.8 12.1 0.0
2015-10-26 15.0 18.7 12.0 2.0
2015-10-27 12.1 15.9 7.7 26.5
2015-10-28 9.9 15.8 5.6 0.0
2015-10-29 8.4 14.7 3.2 0.5
2015-10-30 5.4 10.4 1.7 0.0
2015-10-31 5.7 12.3 1.1 0.0
2015-11-1 7.0 12.6 1.3 0.0
2015-11-2 10.8 15.2 6.1 0.0
2015-11-3 11.8 18.7 6.6 0.0
2015-11-4 12.2 19.8 5.8 0.0
2015-11-5 13.2 19.2 8.6 0.0
2015-11-6 13.5 19.2 9.6 4.5
2015-11-7 10.5 11.7 9.3 24.5
2015-11-8 11.1 11.8 10.3 10.5
2015-11-9 10.8 12.1 9.8 3.5
2015-11-10 10.0 13.5 7.7 0.0
2015-11-11 11.6 17.7 6.6 0.0
2015-11-12 14.5 21.0 10.2 0.0
2015-11-13 11.5 13.1 10.5 22.5
2015-11-14 12.8 14.2 11.0 3.5
2015-11-15 13.4 17.2 10.6 0.0
2015-11-16 12.2 14.0 10.7 5.5
2015-11-17 13.9 19.3 11.0 0.0
2015-11-18 10.4 12.6 8.4 5.5
2015-11-19 8.9 10.8 6.7 0.0
2015-11-20 9.8 14.4 7.1 0.0
2015-11-21 9.2 15.4 5.0 0.0
2015-11-22 10.2 15.7 5.9 3.5
2015-11-23 8.5 11.0 6.5 6.5
2015-11-24 5.6 8.8 2.7 0.5
2015-11-25 2.4 5.3 0.9 11.0
2015-11-26 -2.7 0.9 -4.8 0.0
2015-11-27 -2.8 2.0 -7.3 0.0
2015-11-28 0.1 2.6 -2.7 0.1
2015-11-29 2.5 3.9 1.0 3.0
2015-11-30 4.1 8.5 0.9 0.0
2015-12-1 4.0 10.4 -1.3 0.0
2015-12-2 6.0 8.5 2.9 13.5
2015-12-3 -0.7 3.3 -3.2 7.1
2015-12-4 -0.4 3.1 -4.4 0.0
2015-12-5 3.4 7.2 0.6 0.0
2015-12-6 1.3 7.8 -2.0 0.0
2015-12-7 1.9 6.7 -3.4 0.0
2015-12-8 2.9 9.6 -1.4 0.0
2015-12-9 5.0 10.9 -0.8 0.0
2015-12-10 7.8 9.2 5.8 0.3
2015-12-11 6.4 12.2 3.3 0.0
2015-12-12 5.2 11.0 1.1 0.0
2015-12-13 5.2 12.2 0.9 0.0
2015-12-14 5.0 6.4 2.6 2.5
2015-12-15 4.7 8.2 2.0 0.1
2015-12-16 -1.0 2.8 -5.0 0.0
2015-12-17 -4.6 -0.4 -7.4 0.0
2015-12-18 -3.3 -1.0 -7.0 0.0
2015-12-19 -0.1 6.8 -4.6 0.0
2015-12-20 1.5 6.0 -3.4 0.0
2015-12-21 2.2 5.0 -0.2 2.0
2015-12-22 3.1 7.7 -1.5 0.0
2015-12-23 5.9 10.6 2.9 0.4
2015-12-24 1.5 5.3 -1.6 0.0
2015-12-25 -0.8 3.7 -4.9 0.0
2015-12-26 0.9 4.7 -3.2 0.7
2015-12-27 -5.7 -1.0 -8.9 0.0
2015-12-28 -5.7 -1.0 -9.5 0.0
2015-12-29 -3.2 2.9 -8.7 0.0
2015-12-30 0.3 4.3 -3.5 2.5
2015-12-31 0.7 2.8 -1.9 0.0
2016-1-1 1.2 4.0 -3.3 0.0
2016-1-2 5.7 9.5 1.0 0.0
2016-1-3 6.5 9.4 5.1 0.0
2016-1-4 2.0 5.3 -2.5 0.0
2016-1-5 -2.7 1.5 -4.8 0.0
2016-1-6 -1.7 1.7 -4.9 0.0
2016-1-7 -3.4 1.4 -5.9 0.0
2016-1-8 -3.3 1.0 -6.9 0.0
2016-1-9 -2.1 2.4 -6.2 0.0
2016-1-10 0.3 3.8 -2.7 0.0
2016-1-11 -3.8 0.9 -6.5 0.0
2016-1-12 -5.2 0.7 -9.1 0.0
2016-1-13 -4.5 0.1 -8.2 0.4
2016-1-14 -3.4 1.3 -8.4 0.0
2016-1-15 -0.4 5.3 -4.3 0.0
2016-1-16 -0.2 2.8 -2.1 0.1
2016-1-17 1.7 5.4 -0.7 0.0
2016-1-18 -6.3 0.4 -12.3 0.2
2016-1-19 -12.8 -8.9 -15.1 0.0
2016-1-20 -10.5 -5.2 -14.5 0.0
2016-1-21 -7.1 -2.3 -10.2 0.0
2016-1-22 -7.6 -3.8 -11.1 0.0
2016-1-23 -11.5 -8.3 -16.0 0.0
2016-1-24 -14.4 -10.5 -18.0 0.0
2016-1-25 -9.4 -3.4 -14.3 0.0
2016-1-26 -3.3 1.7 -8.5 0.3
2016-1-27 -1.1 4.3 -4.7 0.0
2016-1-28 -0.5 3.5 -5.6 0.0
2016-1-29 1.9 5.4 -1.4 0.0
2016-1-30 0.6 5.2 -2.5 0.0
2016-1-31 -3.9 0.3 -6.5 0.0
2016-2-1 -6.0 -1.0 -9.1 0.0
2016-2-2 -5.3 0.9 -10.0 0.0
2016-2-3 -2.4 4.0 -8.3 0.0
2016-2-4 -0.7 3.9 -4.0 0.0
2016-2-5 -2.2 3.4 -6.8 0.0
2016-2-6 -3.1 2.0 -6.2 0.0
2016-2-7 -2.9 3.5 -8.3 0.0
2016-2-8 1.3 5.5 -4.3 0.0
2016-2-9 0.3 5.5 -3.9 0.0
2016-2-10 2.7 10.7 -4.3 0.0
2016-2-11 8.1 13.5 1.6 0.1
2016-2-12 8.4 10.0 6.8 18.0
2016-2-13 11.0 14.4 5.8 21.0
2016-2-14 -2.6 5.8 -6.8 2.5
2016-2-15 -5.8 -2.3 -10.0 0.0
2016-2-16 -2.7 1.1 -6.7 0.8
2016-2-17 0.0 5.4 -5.2 0.0
2016-2-18 3.5 7.8 -1.4 0.0
2016-2-19 2.3 4.4 0.1 0.0
2016-2-20 1.3 6.3 -2.5 0.0
2016-2-21 -0.6 4.4 -4.2 0.0
2016-2-22 1.1 4.2 -2.2 0.0
2016-2-23 0.7 4.5 -4.5 0.9
2016-2-24 -3.0 2.2 -6.8 0.0
2016-2-25 -0.2 5.7 -5.8 0.0
2016-2-26 2.2 7.5 -3.2 0.0
2016-2-27 3.3 8.1 0.5 0.2
2016-2-28 0.7 6.9 -2.6 4.1
2016-2-29 -3.8 -1.1 -5.9 0.0
2016-3-1 -2.7 2.1 -7.5 0.0
2016-3-2 3.1 8.1 -2.2 0.0
2016-3-3 8.1 13.9 4.4 0.0
2016-3-4 13.2 20.3 6.4 0.1
2016-3-5 11.3 13.5 9.1 40.0
2016-3-6 7.9 12.9 4.3 0.2
2016-3-7 8.1 12.2 4.8 0.0
2016-3-8 2.7 7.0 -1.4 0.0
2016-3-9 0.3 5.3 -2.7 0.0
2016-3-10 -1.1 3.1 -4.3 0.0
2016-3-11 -0.5 4.6 -5.5 0.0
2016-3-12 2.0 6.4 -3.3 0.0
2016-3-13 3.7 6.5 1.9 0.1
2016-3-14 4.7 9.6 1.3 0.0
2016-3-15 5.2 12.4 -1.0 0.0
2016-3-16 7.5 13.8 2.7 0.0
2016-3-17 9.3 14.7 2.0 0.0
2016-3-18 13.4 20.1 8.8 0.0
2016-3-19 11.4 18.1 6.6 0.0
2016-3-20 10.6 17.5 4.9 0.0
2016-3-21 9.9 16.1 5.5 0.0
2016-3-22 8.0 13.8 3.5 0.0
2016-3-23 8.2 13.8 3.8 0.0
2016-3-24 7.2 12.7 1.6 0.0
2016-3-25 7.1 12.6 2.1 0.0
2016-3-26 6.5 12.6 2.1 0.0
2016-3-27 7.2 13.1 2.2 0.0
2016-3-28 9.8 17.4 2.3 0.0
2016-3-29 11.3 17.1 7.6 0.1
2016-3-30 11.5 18.3 7.0 0.0
2016-3-31 13.5 21.4 6.0 0.0
2016-4-1 15.3 23.8 7.3 0.0
2016-4-2 15.0 21.7 9.6 0.0
2016-4-3 10.7 12.7 8.2 2.0
2016-4-4 12.3 19.8 5.1 0.0
2016-4-5 11.4 18.1 5.9 0.0
2016-4-6 14.4 22.9 6.6 3.0
2016-4-7 14.1 20.6 10.5 7.5
2016-4-8 11.1 18.7 7.8 0.0
2016-4-9 10.7 14.1 7.4 0.0
2016-4-10 13.4 20.7 9.3 0.0
2016-4-11 12.5 19.4 5.7 0.0
2016-4-12 14.1 19.4 10.3 0.0
2016-4-13 15.6 21.4 11.4 1.0
2016-4-14 12.4 18.6 9.3 0.0
2016-4-15 15.0 23.1 8.1 0.0
2016-4-16 14.9 20.7 9.8 23.5
2016-4-17 10.8 14.5 8.3 20.5
2016-4-18 11.2 18.6 7.1 1.5
2016-4-19 12.0 19.2 6.5 0.0
2016-4-20 14.3 20.9 10.1 0.5
2016-4-21 13.5 16.9 10.3 17.0
2016-4-22 13.5 18.6 10.1 0.0
2016-4-23 13.5 19.8 7.8 0.0
2016-4-24 15.5 23.7 8.1 0.0
2016-4-25 17.2 25.3 10.2 0.0
2016-4-26 21.1 29.6 12.1 0.0
2016-4-27 17.2 20.7 14.5 0.0
2016-4-28 17.2 23.0 12.4 0.0
2016-4-29 16.2 22.6 10.9 0.3
2016-4-30 15.9 20.4 10.8 0.0
2016-5-1 18.8 26.0 12.2 0.0
2016-5-2 21.1 28.4 16.5 16.5
2016-5-3 12.9 17.6 8.9 27.0
2016-5-4 15.7 20.6 10.2 0.0
2016-5-5 18.9 26.9 10.2 7.5
2016-5-6 16.3 18.6 13.0 9.5
2016-5-7 16.5 22.6 10.7 0.0
2016-5-8 19.4 26.8 11.6 0.0
2016-5-9 20.2 25.4 16.3 0.0
2016-5-10 14.5 18.1 12.5 13.5
2016-5-11 16.4 23.5 10.4 0.0
2016-5-12 17.8 24.0 12.1 0.0
2016-5-13 18.6 25.4 12.7 0.5
2016-5-14 20.2 26.9 15.1 0.0
2016-5-15 17.4 24.2 12.3 45.0
2016-5-16 15.9 21.9 10.8 2.5
2016-5-17 19.3 26.6 10.9 0.0
2016-5-18 22.3 29.5 13.5 0.0
2016-5-19 24.3 31.9 16.3 0.0
2016-5-20 24.0 31.6 16.8 0.0
2016-5-21 24.1 30.4 17.8 0.0
2016-5-22 24.7 31.7 17.6 0.0
2016-5-23 23.3 29.4 18.3 0.0
2016-5-24 16.8 21.8 15.4 38.5
2016-5-25 19.7 24.4 15.3 0.0
2016-5-26 19.4 22.9 17.5 0.0
2016-5-27 20.9 27.1 14.8 0.0
2016-5-28 21.7 28.0 17.2 0.0
2016-5-29 21.5 27.6 17.2 0.0
2016-5-30 22.1 28.9 16.9 0.0
2016-5-31 21.6 27.6 17.4 0.0
2016-6-1 23.3 29.9 17.1 0.0
2016-6-2 23.2 29.1 17.2 0.0
2016-6-3 22.2 27.7 17.6 0.0
2016-6-4 21.2 26.3 18.2 0.0
2016-6-5 24.7 32.2 17.3 0.0
2016-6-6 23.3 28.4 20.8 0.0
2016-6-7 21.7 25.9 19.6 0.1
2016-6-8 22.1 27.7 18.2 0.0
2016-6-9 24.1 31.3 17.8 0.0
2016-6-10 24.6 31.3 20.2 0.0
2016-6-11 23.5 26.5 20.9 3.0
2016-6-12 23.5 26.7 19.9 1.5
2016-6-13 23.5 29.6 19.4 0.0
2016-6-14 23.8 29.5 19.7 0.0
2016-6-15 20.9 24.5 17.4 15.5
2016-6-16 20.9 24.9 18.6 0.0
2016-6-17 23.8 29.1 18.6 0.0
2016-6-18 24.5 29.9 20.1 0.0
2016-6-19 24.1 29.3 20.3 0.0
2016-6-20 24.7 30.7 19.6 0.0
2016-6-21 26.0 31.3 21.0 0.0
2016-6-22 24.3 30.2 20.9 30.5
2016-6-23 24.7 29.4 19.6 0.1
2016-6-24 23.1 25.7 21.1 3.5
2016-6-25 22.8 26.7 19.2 0.0
2016-6-26 24.4 30.3 19.4 0.0
2016-6-27 24.4 29.5 19.9 0.0
2016-6-28 24.7 29.7 20.4 0.0
2016-6-29 25.3 30.2 20.9 0.0
2016-6-30 24.6 26.9 23.0 0.2
2016-7-1 24.0 26.6 22.0 108.5
2016-7-2 23.5 27.7 20.6 4.0
2016-7-3 23.5 26.8 21.1 0.0
2016-7-4 21.8 24.1 20.2 29.5
2016-7-5 23.1 24.8 20.2 100.5
2016-7-6 22.9 26.9 20.3 0.0
2016-7-7 24.0 28.5 20.1 0.0
2016-7-8 27.3 32.4 21.2 0.0
2016-7-9 27.7 32.7 23.2 0.0
2016-7-10 27.9 33.1 23.2 0.0
2016-7-11 28.4 33.4 24.8 0.0
2016-7-12 26.3 30.9 22.1 3.0
2016-7-13 26.3 29.5 23.2 0.0
2016-7-14 27.5 32.4 24.0 0.1
2016-7-15 26.2 29.2 23.7 1.5
2016-7-16 20.8 23.8 19.8 46.5
2016-7-17 21.7 23.1 20.4 2.5
2016-7-18 24.4 28.4 20.7 0.2
2016-7-19 27.1 32.4 20.9 0.0
2016-7-20 28.6 32.9 24.0 0.0
2016-7-21 28.3 32.2 24.9 0.0
2016-7-22 29.1 34.1 25.3 0.0
2016-7-23 28.7 31.6 27.2 0.5
2016-7-24 28.0 30.1 27.0 0.5
2016-7-25 28.4 31.4 26.4 0.0
2016-7-26 28.4 31.9 25.6 0.0
2016-7-27 27.6 28.9 26.7 0.5
2016-7-28 28.0 30.5 26.7 0.2
2016-7-29 26.3 28.4 23.4 59.5
2016-7-30 28.6 33.0 26.4 0.5
2016-7-31 28.9 32.8 26.6 0.2
2016-8-1 28.4 32.4 25.8 0.0
2016-8-2 27.2 31.1 25.0 2.0
2016-8-3 29.1 34.2 24.0 0.0
2016-8-4 30.7 35.7 26.0 0.0
2016-8-5 31.2 36.0 26.5 0.0
2016-8-6 30.5 34.0 26.6 0.0
2016-8-7 30.6 35.0 27.0 0.0
2016-8-8 30.5 35.5 26.4 0.0
2016-8-9 29.3 33.6 26.4 1.0
2016-8-10 29.4 34.8 26.1 0.0
2016-8-11 30.5 36.4 26.1 0.0
2016-8-12 30.4 35.9 26.4 0.0
2016-8-13 30.2 35.1 26.8 0.0
2016-8-14 28.9 31.8 27.3 0.2
2016-8-15 29.1 34.0 25.8 0.0
2016-8-16 29.3 34.9 26.2 0.5
2016-8-17 29.9 34.7 25.1 0.0
2016-8-18 29.9 34.3 26.2 0.0
2016-8-19 28.9 33.2 26.6 11.5
2016-8-20 30.1 34.9 26.5 0.0
2016-8-21 30.7 36.6 26.9 0.0
2016-8-22 30.7 36.3 25.8 0.4
2016-8-23 28.3 33.0 26.0 8.0
2016-8-24 29.1 32.9 26.4 0.0
2016-8-25 27.1 32.2 24.0 4.5
2016-8-26 23.0 28.2 19.5 20.0
2016-8-27 23.4 29.7 16.9 0.0
2016-8-28 21.0 24.5 18.3 1.5
2016-8-29 22.2 27.1 17.4 0.0
2016-8-30 20.6 24.5 17.9 0.0
2016-8-31 17.7 19.2 16.1 17.5
2016-9-1 23.2 28.6 15.8 0.0
2016-9-2 24.2 29.0 20.6 4.5
2016-9-3 23.9 28.6 20.4 0.5
2016-9-4 25.6 29.6 22.1 0.0
2016-9-5 26.4 31.1 23.0 0.0
2016-9-6 24.7 29.0 21.0 0.0
2016-9-7 24.3 28.6 20.9 0.0
2016-9-8 23.0 26.5 21.5 4.5
2016-9-9 23.9 29.3 19.7 0.0
2016-9-10 24.4 29.1 20.0 0.0
2016-9-11 24.5 28.2 22.1 0.0
2016-9-12 23.4 27.5 21.4 2.5
2016-9-13 24.6 30.8 19.6 0.0
2016-9-14 24.6 28.9 21.4 0.0
2016-9-15 23.9 29.5 18.8 0.0
2016-9-16 24.6 29.5 20.4 0.0
2016-9-17 23.1 28.2 18.5 7.0
2016-9-18 23.5 28.3 20.2 0.0
2016-9-19 21.9 27.8 18.2 0.0
2016-9-20 20.6 26.8 15.4 0.0
2016-9-21 20.2 25.3 14.3 0.0
2016-9-22 21.9 27.2 17.5 0.0
2016-9-23 21.4 27.9 16.4 0.0
2016-9-24 22.3 28.9 16.5 0.0
2016-9-25 23.0 29.7 18.6 0.0
2016-9-26 23.6 28.9 19.7 0.0
2016-9-27 21.0 23.8 19.1 13.5
2016-9-28 19.9 21.8 18.7 0.5
2016-9-29 20.4 24.8 18.2 0.0
2016-9-30 20.5 23.5 17.7 0.0
2016-10-1 21.1 25.6 17.5 0.0
2016-10-2 19.0 22.4 16.7 18.5
2016-10-3 22.7 27.9 19.6 6.5
2016-10-4 22.0 29.0 15.6 0.0
2016-10-5 21.1 27.2 17.5 0.0
2016-10-6 18.0 23.5 13.6 0.0
2016-10-7 19.7 24.8 16.5 2.0
2016-10-8 16.8 21.8 10.3 6.0
2016-10-9 11.3 16.6 6.5 0.0
2016-10-10 14.0 21.4 7.4 0.0
2016-10-11 15.4 21.1 10.0 0.0
2016-10-12 15.5 20.7 11.4 0.0
2016-10-13 15.2 21.9 9.3 0.0
2016-10-14 16.7 23.5 10.5 0.0
2016-10-15 19.1 27.1 12.4 0.0
2016-10-16 17.2 19.5 15.4 1.5
2016-10-17 17.5 21.7 14.5 0.0
2016-10-18 17.0 24.0 11.2 0.0
2016-10-19 18.0 24.3 14.0 0.0
2016-10-20 18.6 25.8 12.9 0.0
2016-10-21 17.9 22.0 15.7 0.0
2016-10-22 18.3 22.8 14.5 0.0
2016-10-23 13.3 17.8 10.6 2.5
2016-10-24 15.1 20.6 9.0 0.0
2016-10-25 14.1 17.5 12.5 37.0
2016-10-26 13.3 16.3 10.5 0.0
2016-10-27 14.6 20.9 8.6 0.0
2016-10-28 14.6 18.4 10.2 0.3
2016-10-29 7.8 11.2 3.5 0.0
2016-10-30 7.9 15.1 1.6 0.0
2016-10-31 5.7 8.2 0.7 0.5
2016-11-1 1.5 6.6 -2.4 0.0
2016-11-2 4.1 10.5 -2.7 0.1
2016-11-3 9.1 14.1 4.2 0.2
2016-11-4 12.3 15.7 8.2 0.0
2016-11-5 15.0 18.1 12.2 0.0
2016-11-6 14.0 18.3 11.9 0.0
2016-11-7 12.8 17.8 8.5 5.5
2016-11-8 4.1 8.4 0.4 0.5
2016-11-9 2.1 8.6 -3.2 0.0
2016-11-10 6.0 9.8 1.5 0.4
2016-11-11 9.1 14.2 6.2 4.0
2016-11-12 11.4 16.7 5.1 0.0
2016-11-13 14.4 18.1 12.1 0.5
2016-11-14 13.2 15.8 10.2 1.5
2016-11-15 5.2 10.2 2.5 0.0
2016-11-16 5.2 12.0 0.0 0.0
2016-11-17 9.1 16.5 4.0 0.0
2016-11-18 10.3 14.6 4.9 0.0
2016-11-19 13.0 18.6 9.9 0.0
2016-11-20 9.8 15.3 6.4 0.0
2016-11-21 9.5 14.6 5.1 0.0
2016-11-22 2.0 8.4 -2.1 0.2
2016-11-23 -1.8 3.6 -4.8 0.0
2016-11-24 -2.5 2.4 -6.2 0.0
2016-11-25 1.0 6.0 -3.5 0.0
2016-11-26 0.9 2.7 -0.7 2.8
2016-11-27 3.3 6.6 0.5 0.0
2016-11-28 1.4 5.6 -1.4 0.0
2016-11-29 1.7 8.6 -2.8 0.0
2016-11-30 6.0 9.8 0.7 1.0
2016-12-1 4.1 7.0 -1.0 0.0
2016-12-2 1.6 7.9 -3.5 0.0
2016-12-3 4.5 11.3 -0.7 0.0
2016-12-4 5.5 9.5 2.0 0.0
2016-12-5 5.9 10.3 0.5 1.5
2016-12-6 -1.1 4.3 -4.2 0.0
2016-12-7 1.7 7.5 -2.7 0.0
2016-12-8 2.1 6.1 -3.0 3.0
2016-12-9 1.4 4.2 -2.9 3.0
2016-12-10 -1.6 3.6 -5.9 0.0
2016-12-11 -1.1 6.4 -6.1 0.0
2016-12-12 2.3 6.3 -3.0 0.0
2016-12-13 3.4 8.8 -0.4 0.0
2016-12-14 -1.4 -0.1 -2.3 0.1
2016-12-15 -5.0 -1.5 -7.6 0.0
2016-12-16 -4.7 0.0 -9.8 0.0
2016-12-17 2.7 8.0 -2.7 0.0
2016-12-18 4.9 8.1 2.7 0.0
2016-12-19 7.2 12.0 4.3 0.1
2016-12-20 7.6 13.6 4.4 0.0
2016-12-21 7.9 12.6 4.1 29.0
2016-12-22 5.5 11.0 1.5 23.5
2016-12-23 -2.5 1.5 -4.4 0.1
2016-12-24 -2.4 1.1 -4.3 0.0
2016-12-25 1.0 6.4 -4.5 0.0
2016-12-26 2.5 4.4 1.3 0.0
2016-12-27 -2.3 1.3 -6.3 0.5
2016-12-28 -3.7 2.6 -8.4 0.0
2016-12-29 -4.2 -1.1 -7.2 0.3
2016-12-30 -3.9 1.0 -9.1 0.0
2016-12-31 0.7 5.7 -3.6 0.0
2017-1-1 2.7 6.9 -1.6 0.0
2017-1-2 5.0 9.2 1.8 0.3
2017-1-3 2.0 7.7 -2.3 0.0
2017-1-4 3.9 8.9 1.0 0.0
2017-1-5 3.8 7.3 -0.1 0.0
2017-1-6 5.4 11.4 2.5 0.0
2017-1-7 4.6 10.5 0.0 0.0
2017-1-8 6.5 10.9 4.0 0.0
2017-1-9 1.5 4.3 -3.1 0.0
2017-1-10 -3.7 1.1 -7.4 0.0
2017-1-11 -3.8 1.5 -9.4 0.0
2017-1-12 -2.2 1.0 -6.1 0.0
2017-1-13 -6.0 -1.4 -8.6 0.6
2017-1-14 -8.4 -5.4 -10.5 0.0
2017-1-15 -6.6 -0.9 -11.5 0.0
2017-1-16 -3.8 4.0 -8.9 0.0
2017-1-17 -2.0 3.4 -7.1 0.0
2017-1-18 -0.5 2.8 -3.0 0.0
2017-1-19 -1.2 4.7 -4.9 0.0
2017-1-20 -4.4 -1.4 -7.8 4.0
2017-1-21 -5.2 -0.9 -10.0 2.1
2017-1-22 -8.3 -3.3 -10.9 0.0
2017-1-23 -8.9 -4.1 -12.6 0.0
2017-1-24 -7.0 -1.3 -11.6 0.0
2017-1-25 -5.2 0.9 -10.2 0.0
2017-1-26 -1.3 3.4 -7.9 0.3
2017-1-27 -2.6 3.1 -5.7 3.0
2017-1-28 -1.6 4.3 -8.2 0.0
2017-1-29 0.8 2.5 -0.9 4.5
2017-1-30 -4.8 -0.9 -7.9 0.1
2017-1-31 -5.4 0.2 -9.9 0.0
2017-2-1 -4.0 0.7 -7.5 0.0
2017-2-2 -2.7 3.3 -9.2 0.0
2017-2-3 1.5 6.7 -2.3 0.0
2017-2-4 0.9 3.2 -2.9 0.0
2017-2-5 1.2 2.3 -1.5 0.5
2017-2-6 -1.7 2.6 -4.4 0.0
2017-2-7 -2.0 3.0 -5.6 0.0
2017-2-8 -2.2 0.6 -4.9 0.0
2017-2-9 -5.3 -2.1 -7.1 0.0
2017-2-10 -6.6 -2.5 -9.3 0.0
2017-2-11 -4.8 0.8 -9.2 0.0
2017-2-12 -2.2 4.2 -7.4 0.0
2017-2-13 0.1 6.1 -5.4 0.0
2017-2-14 0.3 6.5 -4.0 0.0
2017-2-15 1.8 8.0 -3.9 0.0
2017-2-16 5.5 10.3 -1.9 0.0
2017-2-17 0.8 9.0 -5.2 4.0
2017-2-18 -2.6 2.9 -7.0 0.0
2017-2-19 2.3 5.7 -3.4 1.0
2017-2-20 -1.5 5.4 -5.2 0.5
2017-2-21 -0.6 6.9 -7.6 0.0
2017-2-22 1.7 2.9 -0.9 5.1
2017-2-23 -1.5 2.1 -4.2 0.0
2017-2-24 -0.8 4.4 -5.8 0.0
2017-2-25 2.6 8.4 -2.8 0.0
2017-2-26 3.6 10.1 -1.5 0.0
2017-2-27 3.7 10.7 -1.8 0.0
2017-2-28 5.6 12.3 -1.3 0.0
2017-3-1 5.0 11.4 2.0 5.0
2017-3-2 1.8 6.6 -1.1 0.5
2017-3-3 3.3 10.4 -3.1 0.0
2017-3-4 5.7 12.7 0.1 0.0
2017-3-5 5.2 10.4 1.2 0.5
2017-3-6 0.1 4.0 -2.8 0.0
2017-3-7 -1.3 2.9 -4.0 0.0
2017-3-8 -0.1 5.0 -5.3 0.0
2017-3-9 3.2 10.7 -2.7 0.0
2017-3-10 4.8 12.2 -1.2 0.0
2017-3-11 7.3 16.7 -0.2 0.0
2017-3-12 8.2 14.0 4.4 0.0
2017-3-13 6.9 12.2 1.5 0.0
2017-3-14 5.8 10.9 1.0 0.0
2017-3-15 6.3 13.3 0.4 0.0
2017-3-16 6.2 13.4 1.0 0.0
2017-3-17 7.7 15.7 1.2 0.0
2017-3-18 9.5 16.1 5.9 0.0
2017-3-19 10.9 18.9 3.2 0.0
2017-3-20 10.2 15.5 6.0 0.0
2017-3-21 7.4 12.6 4.3 0.0
2017-3-22 7.6 14.1 1.9 0.0
2017-3-23 9.1 15.0 5.1 0.0
2017-3-24 8.7 15.2 3.9 0.0
2017-3-25 8.1 12.6 5.0 0.0
2017-3-26 7.3 11.6 4.8 0.0
2017-3-27 6.1 10.9 4.4 0.4
2017-3-28 7.1 12.7 2.5 0.0
2017-3-29 8.8 14.4 4.7 0.0
2017-3-30 10.6 17.1 4.1 0.0
2017-3-31 8.6 12.4 4.9 1.5
2017-4-1 9.0 15.1 4.8 1.0
2017-4-2 9.0 15.8 3.1 0.0
2017-4-3 11.4 19.2 4.3 0.0
2017-4-4 14.1 21.8 6.7 0.0
2017-4-5 12.0 14.2 10.8 37.5
2017-4-6 10.4 12.4 9.4 3.0
2017-4-7 14.5 23.5 9.0 0.0
2017-4-8 13.0 19.9 8.6 0.5
2017-4-9 14.8 20.5 10.6 0.5
2017-4-10 16.5 23.3 10.1 0.0
2017-4-11 15.3 20.2 11.5 0.0
2017-4-12 11.5 16.4 8.8 0.0
2017-4-13 12.7 19.6 6.3 0.0
2017-4-14 13.0 17.7 10.1 6.0
2017-4-15 16.8 24.3 10.9 0.0
2017-4-16 18.7 24.4 12.9 0.0
2017-4-17 14.7 18.0 11.2 5.5
2017-4-18 11.7 17.4 9.4 7.5
2017-4-19 12.6 18.4 7.0 0.0
2017-4-20 12.9 18.2 9.9 0.1
2017-4-21 13.1 19.3 7.6 0.0
2017-4-22 14.8 22.5 8.5 0.0
2017-4-23 14.9 21.7 8.9 0.0
2017-4-24 15.1 21.3 8.3 0.0
2017-4-25 16.0 20.4 12.9 0.0
2017-4-26 15.1 20.2 10.5 0.0
2017-4-27 13.6 19.8 7.9 0.0
2017-4-28 14.4 21.5 8.9 0.0
2017-4-29 17.1 23.7 9.6 0.0
2017-4-30 19.3 27.8 13.7 0.0
2017-5-1 20.1 28.3 12.8 0.0
2017-5-2 20.7 28.0 15.2 0.0
2017-5-3 21.5 30.2 14.5 0.0
2017-5-4 21.0 27.5 14.8 0.0
2017-5-5 20.9 27.0 15.5 0.0
2017-5-6 14.9 19.3 10.0 0.0
2017-5-7 16.6 22.8 10.9 0.0
2017-5-8 17.9 23.5 11.1 0.0
2017-5-9 17.1 22.6 15.3 2.5
2017-5-10 16.4 20.8 14.2 2.5
2017-5-11 19.3 24.8 13.1 0.0
2017-5-12 19.1 21.1 16.8 0.0
2017-5-13 16.4 22.6 12.4 6.0
2017-5-14 15.7 20.7 11.0 0.0
2017-5-15 16.0 20.1 12.3 0.0
2017-5-16 17.1 22.3 13.3 0.0
2017-5-17 18.7 25.9 12.3 0.0
2017-5-18 20.4 26.9 13.9 0.0
2017-5-19 21.1 27.9 15.1 0.0
2017-5-20 20.9 27.3 15.4 0.0
2017-5-21 21.5 27.6 16.0 0.0
2017-5-22 21.8 28.0 15.9 0.0
2017-5-23 20.0 24.4 17.2 5.0
2017-5-24 21.8 27.8 16.9 0.1
2017-5-25 19.2 24.4 14.4 0.0
2017-5-26 17.7 23.2 12.4 0.0
2017-5-27 19.5 26.4 13.7 0.0
2017-5-28 21.2 27.9 14.4 0.0
2017-5-29 22.9 29.3 18.1 0.0
2017-5-30 23.6 30.3 18.6 0.0
2017-5-31 23.3 29.6 17.7 0.0
2017-6-1 23.3 27.0 20.0 0.0
2017-6-2 20.5 25.6 15.5 0.0
2017-6-3 20.5 26.5 16.1 0.0
2017-6-4 21.7 28.1 15.1 0.0
2017-6-5 24.2 30.3 16.4 0.0
2017-6-6 19.4 23.9 14.5 15.5
2017-6-7 17.6 19.2 15.1 12.5
2017-6-8 20.1 25.9 15.1 0.0
2017-6-9 21.2 25.7 17.9 0.1
2017-6-10 21.5 27.5 16.7 4.5
2017-6-11 22.8 29.6 14.8 0.0
2017-6-12 22.1 28.0 17.0 0.0
2017-6-13 21.5 25.9 18.3 0.0
2017-6-14 21.8 26.8 17.8 0.0
2017-6-15 23.1 29.6 18.0 0.0
2017-6-16 25.5 32.7 20.0 0.0
2017-6-17 24.2 29.9 20.6 0.0
2017-6-18 24.3 31.8 18.6 0.0
2017-6-19 24.8 30.2 19.5 0.0
2017-6-20 26.0 32.7 20.0 0.0
2017-6-21 25.4 31.6 21.7 0.0
2017-6-22 25.3 30.4 21.2 0.0
2017-6-23 26.7 34.1 21.3 0.0
2017-6-24 24.5 27.8 21.5 3.5
2017-6-25 23.8 28.4 21.0 1.5
2017-6-26 23.1 29.9 20.1 29.0
2017-6-27 25.2 30.5 20.8 0.0
2017-6-28 26.0 30.5 22.5 0.0
2017-6-29 26.2 31.5 21.9 0.0
2017-6-30 25.9 30.9 22.2 0.0
2017-7-1 25.3 30.7 22.4 0.5
2017-7-2 24.3 26.8 21.9 92.0
2017-7-3 24.7 27.4 21.9 67.5
2017-7-4 26.7 31.6 23.8 0.5
2017-7-5 27.4 32.6 23.3 0.0
2017-7-6 27.6 34.6 23.9 34.0
2017-7-7 26.4 28.4 24.4 16.5
2017-7-8 26.0 27.6 24.6 4.5
2017-7-9 26.3 30.3 23.8 32.5
2017-7-10 24.0 25.4 22.6 144.5
2017-7-11 26.0 30.9 22.2 1.0
2017-7-12 27.1 31.1 24.9 0.0
2017-7-13 27.6 32.1 23.1 0.0
2017-7-14 28.7 33.0 26.1 0.0
2017-7-15 25.0 27.3 23.4 42.5
2017-7-16 26.2 28.8 23.4 22.5
2017-7-17 26.8 29.0 24.0 7.5
2017-7-18 26.5 30.7 23.9 2.5
2017-7-19 28.3 34.1 24.5 0.0
2017-7-20 29.9 34.9 26.0 0.0
2017-7-21 29.8 32.4 27.3 0.0
2017-7-22 29.3 32.5 27.5 0.5
2017-7-23 27.0 28.1 26.1 133.5
2017-7-24 26.2 27.3 25.6 3.0
2017-7-25 29.4 35.4 24.6 0.0
2017-7-26 28.7 32.8 24.2 0.0
2017-7-27 27.1 29.7 24.9 3.5
2017-7-28 25.5 26.9 24.8 8.5
2017-7-29 27.2 30.1 25.0 0.0
2017-7-30 27.9 32.6 24.7 0.0
2017-7-31 25.7 27.1 24.8 3.5
2017-8-1 28.6 33.0 24.1 2.0
2017-8-2 30.0 33.0 26.6 0.0
2017-8-3 30.2 33.9 27.2 0.0
2017-8-4 30.3 35.3 25.9 0.0
2017-8-5 31.4 34.8 27.6 0.0
2017-8-6 29.8 34.0 28.2 5.0
2017-8-7 29.2 34.4 26.4 0.0
2017-8-8 28.2 31.0 25.5 0.0
2017-8-9 27.6 32.0 24.6 2.5
2017-8-10 24.8 26.3 23.9 5.5
2017-8-11 27.0 32.4 23.9 0.5
2017-8-12 27.8 32.6 23.2 0.0
2017-8-13 26.3 28.4 24.2 0.0
2017-8-14 24.6 27.1 23.1 1.5
2017-8-15 21.9 24.0 20.8 93.5
2017-8-16 23.3 26.8 20.5 2.0
2017-8-17 24.8 27.7 21.2 0.5
2017-8-18 26.3 30.6 23.9 0.0
2017-8-19 26.1 28.7 23.1 0.0
2017-8-20 23.2 25.8 22.0 124.5
2017-8-21 25.8 29.2 23.7 5.0
2017-8-22 27.3 31.5 23.4 0.0
2017-8-23 27.2 30.2 24.6 31.5
2017-8-24 26.5 28.1 23.9 14.0
2017-8-25 25.3 30.6 22.2 0.0
2017-8-26 24.2 29.2 19.0 0.0
2017-8-27 22.7 26.7 19.0 0.0
2017-8-28 21.5 26.5 18.3 9.0
2017-8-29 19.5 24.0 17.0 0.0
2017-8-30 19.8 23.9 16.1 0.0
2017-8-31 22.2 27.6 16.6 0.0
2017-9-1 23.3 29.7 17.1 0.0
2017-9-2 23.8 29.6 18.6 0.0
2017-9-3 23.7 29.2 19.0 0.0
2017-9-4 24.6 30.1 19.7 0.0
2017-9-5 21.9 23.7 20.4 0.0
2017-9-6 20.6 24.0 18.5 2.0
2017-9-7 22.4 27.5 17.8 0.0
2017-9-8 24.3 29.9 20.4 0.0
2017-9-9 23.8 28.2 19.2 0.0
2017-9-10 23.0 26.1 19.9 0.5
2017-9-11 21.2 24.6 18.6 24.0
2017-9-12 22.1 27.9 17.7 0.0
2017-9-13 21.4 27.5 15.9 0.0
2017-9-14 22.4 29.5 14.8 0.0
2017-9-15 22.6 27.9 17.8 0.0
2017-9-16 22.0 27.6 16.7 0.0
2017-9-17 23.1 29.2 19.0 0.0
2017-9-18 21.9 27.6 16.4 0.0
2017-9-19 22.6 25.8 20.1 8.0
2017-9-20 19.5 24.9 14.1 0.0
2017-9-21 20.3 27.0 14.2 0.0
2017-9-22 20.6 26.8 15.4 0.0
2017-9-23 21.8 27.3 17.6 0.0
2017-9-24 22.4 27.9 18.8 0.0
2017-9-25 23.4 30.1 17.4 0.0
2017-9-26 25.1 31.4 19.4 0.0
2017-9-27 22.7 27.3 19.9 0.5
2017-9-28 19.2 25.3 14.2 0.0
2017-9-29 17.4 23.5 11.2 0.0
2017-9-30 20.0 25.9 14.7 0.0
2017-10-1 18.2 21.2 15.5 4.0
2017-10-2 22.0 29.4 15.6 1.5
2017-10-3 17.6 23.6 13.4 0.0
2017-10-4 16.7 24.3 10.7 0.0
2017-10-5 18.7 23.4 13.9 0.0
2017-10-6 18.9 23.3 16.2 0.5
2017-10-7 21.9 28.8 16.9 0.0
2017-10-8 23.0 28.7 19.3 0.0
2017-10-9 22.5 27.6 19.8 0.0
2017-10-10 21.4 24.8 18.6 0.4
2017-10-11 15.5 21.7 12.2 20.0
2017-10-12 11.4 13.8 8.8 0.0
2017-10-13 12.8 18.9 6.1 0.0
2017-10-14 14.4 20.5 9.0 0.0
2017-10-15 15.8 23.0 9.0 0.0
2017-10-16 16.6 22.0 13.6 0.0
2017-10-17 16.2 23.9 9.2 0.0
2017-10-18 16.5 19.1 14.2 0.1
2017-10-19 17.0 23.2 11.9 0.0
2017-10-20 17.0 24.2 11.1 0.0
2017-10-21 17.6 25.2 11.0 0.0
2017-10-22 16.3 23.5 11.0 0.0
2017-10-23 13.7 20.6 8.6 0.0
2017-10-24 14.4 20.9 9.9 0.0
2017-10-25 14.4 20.6 9.5 0.0
2017-10-26 14.5 18.1 10.7 0.0
2017-10-27 16.9 24.2 11.9 0.0
2017-10-28 17.2 24.8 10.6 0.0
2017-10-29 11.5 17.2 6.3 0.0
2017-10-30 7.7 13.2 2.5 0.0
2017-10-31 10.4 16.0 3.6 0.0
2017-11-1 14.4 18.1 11.5 0.0
2017-11-2 15.5 18.0 14.0 1.0
2017-11-3 12.3 16.6 6.1 1.5
2017-11-4 7.8 13.7 4.5 0.0
2017-11-5 8.4 15.4 2.6 0.0
2017-11-6 11.4 16.5 8.0 0.0
2017-11-7 14.4 18.4 9.2 0.0
2017-11-8 13.1 17.2 6.9 0.0
2017-11-9 9.4 16.8 3.7 0.0
2017-11-10 9.8 15.9 5.3 7.5
2017-11-11 5.9 10.7 2.7 0.0
2017-11-12 5.3 11.4 0.3 0.0
2017-11-13 8.4 11.8 3.1 4.5
2017-11-14 7.5 11.4 2.9 0.0
2017-11-15 3.2 6.5 -1.1 0.0
2017-11-16 1.0 6.4 -3.4 0.0
2017-11-17 3.0 5.8 -1.6 0.0
2017-11-18 -2.1 2.6 -4.8 0.0
2017-11-19 -1.6 3.5 -6.6 0.0
2017-11-20 -0.4 4.2 -3.9 0.0
2017-11-21 1.3 8.1 -4.2 0.0
2017-11-22 4.3 10.8 0.6 0.5
2017-11-23 0.9 4.7 -2.5 1.2
2017-11-24 -0.4 2.9 -2.5 0.0
2017-11-25 3.0 7.3 -3.3 24.0
2017-11-26 3.3 7.6 -0.3 0.0
2017-11-27 2.5 9.5 -2.9 0.0
2017-11-28 6.4 11.2 1.3 0.5
2017-11-29 3.2 8.1 -1.8 0.0
2017-11-30 -2.4 2.7 -5.2 0.0
2017-12-1 -2.2 3.1 -7.6 0.0
2017-12-2 1.9 8.1 -4.6 0.0
2017-12-3 4.9 8.1 3.1 4.0
2017-12-4 -1.2 4.5 -6.1 0.1
2017-12-5 -4.2 -0.4 -8.2 0.1
2017-12-6 0.2 6.0 -4.5 1.2
2017-12-7 0.7 4.6 -3.5 0.0
2017-12-8 -3.8 -0.5 -7.1 0.0
2017-12-9 -0.5 5.4 -5.6 0.0
2017-12-10 1.1 6.7 -2.5 4.1
2017-12-11 -7.0 -2.5 -11.0 0.0
2017-12-12 -9.4 -5.2 -12.3 0.0
2017-12-13 -8.7 -4.4 -12.0 0.0
2017-12-14 -6.6 -1.9 -11.2 0.0
2017-12-15 -3.0 0.9 -7.5 0.0
2017-12-16 -5.7 -2.6 -8.1 0.0
2017-12-17 -6.7 -2.3 -10.8 0.0
2017-12-18 -1.6 3.3 -5.9 3.4
2017-12-19 -3.9 -1.0 -6.5 0.0
2017-12-20 -3.9 -0.1 -8.5 0.2
2017-12-21 -0.9 4.6 -5.6 0.0
2017-12-22 3.4 6.6 -1.9 0.0
2017-12-23 6.1 8.7 5.0 0.0
2017-12-24 2.9 5.7 -0.6 20.0
2017-12-25 -2.1 0.6 -4.9 0.0
2017-12-26 -3.8 -1.1 -7.9 0.0
2017-12-27 -6.9 -2.6 -10.3 0.0
2017-12-28 -2.1 0.8 -6.8 0.0
2017-12-29 2.1 6.0 -0.4 0.0
2017-12-30 1.4 4.5 -1.2 0.7
2017-12-31 -0.3 3.3 -3.2 1.0
